156149377
998, 998
(0.1, 0.1), (0.1, 9999.9)
(0.1, 9999.9), (41.8, 9999.9)
(41.8, 8424.9), (42.1, 8424.9)
(41.8, 9999.9), (41.8, 8424.9)
(41.9, 8425.1), (41.9, 9999.9)
(41.9, 9999.9), (62.8, 9999.9)
(42.1, 8424.9), (42.1, 8425.1)
(42.1, 8425.1), (41.9, 8425.1)
(62.8, 5576.9), (63.1, 5576.9)
(62.8, 9999.9), (62.8, 5576.9)
(62.9, 5577.1), (62.9, 9999.9)
(62.9, 9999.9), (126.8, 9999.9)
(63.1, 5576.9), (63.1, 5577.1)
(63.1, 5577.1), (62.9, 5577.1)
(126.8, 1811.9), (127.1, 1811.9)
(126.8, 9999.9), (126.8, 1811.9)
(126.9, 1812.1), (126.9, 9999.9)
(126.9, 9999.9), (128.8, 9999.9)
(127.1, 1811.9), (127.1, 1812.1)
(127.1, 1812.1), (126.9, 1812.1)
(128.8, 5107.9), (129.1, 5107.9)
(128.8, 9999.9), (128.8, 5107.9)
(128.9, 5108.1), (128.9, 9999.9)
(128.9, 9999.9), (170.8, 9999.9)
(129.1, 5107.9), (129.1, 5108.1)
(129.1, 5108.1), (128.9, 5108.1)
(170.8, 2012.9), (171.1, 2012.9)
(170.8, 9999.9), (170.8, 2012.9)
(170.9, 2013.1), (170.9, 9999.9)
(170.9, 9999.9), (305.8, 9999.9)
(171.1, 2012.9), (171.1, 2013.1)
(171.1, 2013.1), (170.9, 2013.1)
(305.8, 5879.9), (306.1, 5879.9)
(305.8, 9999.9), (305.8, 5879.9)
(305.9, 5880.1), (305.9, 9999.9)
(305.9, 9999.9), (306.8, 9999.9)
(306.1, 5879.9), (306.1, 5880.1)
(306.1, 5880.1), (305.9, 5880.1)
(306.8, 3071.9), (307.1, 3071.9)
(306.8, 9999.9), (306.8, 3071.9)
(306.9, 3072.1), (306.9, 9999.9)
(306.9, 9999.9), (360.8, 9999.9)
(307.1, 3071.9), (307.1, 3072.1)
(307.1, 3072.1), (306.9, 3072.1)
(360.8, 6092.9), (361.1, 6092.9)
(360.8, 9999.9), (360.8, 6092.9)
(360.9, 6093.1), (360.9, 9999.9)
(360.9, 9999.9), (411.8, 9999.9)
(361.1, 6092.9), (361.1, 6093.1)
(361.1, 6093.1), (360.9, 6093.1)
(411.8, 8504.9), (412.1, 8504.9)
(411.8, 9999.9), (411.8, 8504.9)
(411.9, 8505.1), (411.9, 9999.9)
(411.9, 9999.9), (449.8, 9999.9)
(412.1, 8504.9), (412.1, 8505.1)
(412.1, 8505.1), (411.9, 8505.1)
(449.8, 9757.9), (450.1, 9757.9)
(449.8, 9999.9), (449.8, 9757.9)
(449.9, 9758.1), (449.9, 9999.9)
(449.9, 9999.9), (460.8, 9999.9)
(450.1, 9757.9), (450.1, 9758.1)
(450.1, 9758.1), (449.9, 9758.1)
(460.8, 9393.9), (461.1, 9393.9)
(460.8, 9999.9), (460.8, 9393.9)
(460.9, 9394.1), (460.9, 9999.9)
(460.9, 9999.9), (488.8, 9999.9)
(461.1, 9393.9), (461.1, 9394.1)
(461.1, 9394.1), (460.9, 9394.1)
(488.8, 9985.9), (489.1, 9985.9)
(488.8, 9999.9), (488.8, 9985.9)
(488.9, 9986.1), (488.9, 9999.9)
(488.9, 9999.9), (500.8, 9999.9)
(489.1, 9985.9), (489.1, 9986.1)
(489.1, 9986.1), (488.9, 9986.1)
(500.8, 2324.9), (501.1, 2324.9)
(500.8, 9999.9), (500.8, 2324.9)
(500.9, 2325.1), (500.9, 9999.9)
(500.9, 9999.9), (531.8, 9999.9)
(501.1, 2324.9), (501.1, 2325.1)
(501.1, 2325.1), (500.9, 2325.1)
(531.8, 7018.9), (532.1, 7018.9)
(531.8, 9999.9), (531.8, 7018.9)
(531.9, 7019.1), (531.9, 9999.9)
(531.9, 9999.9), (639.8, 9999.9)
(532.1, 7018.9), (532.1, 7019.1)
(532.1, 7019.1), (531.9, 7019.1)
(639.8, 6831.9), (640.1, 6831.9)
(639.8, 9999.9), (639.8, 6831.9)
(639.9, 6832.1), (639.9, 9999.9)
(639.9, 9999.9), (692.8, 9999.9)
(640.1, 6831.9), (640.1, 6832.1)
(640.1, 6832.1), (639.9, 6832.1)
(692.8, 3798.9), (693.1, 3798.9)
(692.8, 9999.9), (692.8, 3798.9)
(692.9, 3799.1), (692.9, 9999.9)
(692.9, 9999.9), (741.8, 9999.9)
(693.1, 3798.9), (693.1, 3799.1)
(693.1, 3799.1), (692.9, 3799.1)
(741.8, 767.9), (742.1, 767.9)
(741.8, 9999.9), (741.8, 767.9)
(741.9, 768.1), (741.9, 9999.9)
(741.9, 9999.9), (744.8, 9999.9)
(742.1, 767.9), (742.1, 768.1)
(742.1, 768.1), (741.9, 768.1)
(744.8, 3361.9), (745.1, 3361.9)
(744.8, 9999.9), (744.8, 3361.9)
(744.9, 3362.1), (744.9, 9999.9)
(744.9, 9999.9), (759.8, 9999.9)
(745.1, 3361.9), (745.1, 3362.1)
(745.1, 3362.1), (744.9, 3362.1)
(759.8, 134.9), (760.1, 134.9)
(759.8, 9999.9), (759.8, 134.9)
(759.9, 135.1), (759.9, 9999.9)
(759.9, 9999.9), (803.8, 9999.9)
(760.1, 134.9), (760.1, 135.1)
(760.1, 135.1), (759.9, 135.1)
(803.8, 2813.9), (804.1, 2813.9)
(803.8, 9999.9), (803.8, 2813.9)
(803.9, 2814.1), (803.9, 4679.9)
(803.9, 4679.9), (804.1, 4679.9)
(803.9, 4680.1), (803.9, 9999.9)
(803.9, 9999.9), (808.8, 9999.9)
(804.1, 2813.9), (804.1, 2814.1)
(804.1, 2814.1), (803.9, 2814.1)
(804.1, 4679.9), (804.1, 4680.1)
(804.1, 4680.1), (803.9, 4680.1)
(808.8, 6260.9), (809.1, 6260.9)
(808.8, 9999.9), (808.8, 6260.9)
(808.9, 6261.1), (808.9, 9999.9)
(808.9, 9999.9), (846.8, 9999.9)
(809.1, 6260.9), (809.1, 6261.1)
(809.1, 6261.1), (808.9, 6261.1)
(846.8, 7418.9), (847.1, 7418.9)
(846.8, 9999.9), (846.8, 7418.9)
(846.9, 7419.1), (846.9, 9999.9)
(846.9, 9999.9), (862.8, 9999.9)
(847.1, 7418.9), (847.1, 7419.1)
(847.1, 7419.1), (846.9, 7419.1)
(862.8, 9563.9), (863.1, 9563.9)
(862.8, 9999.9), (862.8, 9563.9)
(862.9, 9564.1), (862.9, 9999.9)
(862.9, 9999.9), (949.8, 9999.9)
(863.1, 9563.9), (863.1, 9564.1)
(863.1, 9564.1), (862.9, 9564.1)
(949.8, 5487.9), (950.1, 5487.9)
(949.8, 9999.9), (949.8, 5487.9)
(949.9, 5488.1), (949.9, 9999.9)
(949.9, 9999.9), (997.8, 9999.9)
(950.1, 5487.9), (950.1, 5488.1)
(950.1, 5488.1), (949.9, 5488.1)
(997.8, 1970.9), (998.1, 1970.9)
(997.8, 9999.9), (997.8, 1970.9)
(997.9, 1971.1), (997.9, 9999.9)
(997.9, 9999.9), (1029.8, 9999.9)
(998.1, 1970.9), (998.1, 1971.1)
(998.1, 1971.1), (997.9, 1971.1)
(1029.8, 6521.9), (1030.1, 6521.9)
(1029.8, 9999.9), (1029.8, 6521.9)
(1029.9, 6522.1), (1029.9, 9999.9)
(1029.9, 9999.9), (1089.8, 9999.9)
(1030.1, 6521.9), (1030.1, 6522.1)
(1030.1, 6522.1), (1029.9, 6522.1)
(1089.8, 2446.9), (1090.1, 2446.9)
(1089.8, 9999.9), (1089.8, 2446.9)
(1089.9, 2447.1), (1089.9, 9999.9)
(1089.9, 9999.9), (1102.8, 9999.9)
(1090.1, 2446.9), (1090.1, 2447.1)
(1090.1, 2447.1), (1089.9, 2447.1)
(1102.8, 1058.9), (1103.1, 1058.9)
(1102.8, 9999.9), (1102.8, 1058.9)
(1102.9, 1059.1), (1102.9, 9999.9)
(1102.9, 9999.9), (1164.8, 9999.9)
(1103.1, 1058.9), (1103.1, 1059.1)
(1103.1, 1059.1), (1102.9, 1059.1)
(1164.8, 2965.9), (1165.1, 2965.9)
(1164.8, 9999.9), (1164.8, 2965.9)
(1164.9, 2966.1), (1164.9, 9999.9)
(1164.9, 9999.9), (1167.8, 9999.9)
(1165.1, 2965.9), (1165.1, 2966.1)
(1165.1, 2966.1), (1164.9, 2966.1)
(1167.8, 278.9), (1168.1, 278.9)
(1167.8, 9999.9), (1167.8, 278.9)
(1167.9, 279.1), (1167.9, 9999.9)
(1167.9, 9999.9), (1207.8, 9999.9)
(1168.1, 278.9), (1168.1, 279.1)
(1168.1, 279.1), (1167.9, 279.1)
(1207.8, 2538.9), (1208.1, 2538.9)
(1207.8, 9999.9), (1207.8, 2538.9)
(1207.9, 2539.1), (1207.9, 9999.9)
(1207.9, 9999.9), (1262.8, 9999.9)
(1208.1, 2538.9), (1208.1, 2539.1)
(1208.1, 2539.1), (1207.9, 2539.1)
(1262.8, 9923.9), (1263.1, 9923.9)
(1262.8, 9999.9), (1262.8, 9923.9)
(1262.9, 9924.1), (1262.9, 9999.9)
(1262.9, 9999.9), (1273.8, 9999.9)
(1263.1, 9923.9), (1263.1, 9924.1)
(1263.1, 9924.1), (1262.9, 9924.1)
(1273.8, 767.9), (1274.1, 767.9)
(1273.8, 9999.9), (1273.8, 767.9)
(1273.9, 768.1), (1273.9, 9999.9)
(1273.9, 9999.9), (1471.8, 9999.9)
(1274.1, 767.9), (1274.1, 768.1)
(1274.1, 768.1), (1273.9, 768.1)
(1471.8, 3546.9), (1472.1, 3546.9)
(1471.8, 9999.9), (1471.8, 3546.9)
(1471.9, 3547.1), (1471.9, 9999.9)
(1471.9, 9999.9), (1610.8, 9999.9)
(1472.1, 3546.9), (1472.1, 3547.1)
(1472.1, 3547.1), (1471.9, 3547.1)
(1610.8, 4621.9), (1611.1, 4621.9)
(1610.8, 9999.9), (1610.8, 4621.9)
(1610.9, 4622.1), (1610.9, 9999.9)
(1610.9, 9999.9), (1613.8, 9999.9)
(1611.1, 4621.9), (1611.1, 4622.1)
(1611.1, 4622.1), (1610.9, 4622.1)
(1613.8, 4929.9), (1614.1, 4929.9)
(1613.8, 9999.9), (1613.8, 4929.9)
(1613.9, 4930.1), (1613.9, 9999.9)
(1613.9, 9999.9), (1640.8, 9999.9)
(1614.1, 4929.9), (1614.1, 4930.1)
(1614.1, 4930.1), (1613.9, 4930.1)
(1640.8, 189.9), (1641.1, 189.9)
(1640.8, 9999.9), (1640.8, 189.9)
(1640.9, 190.1), (1640.9, 9999.9)
(1640.9, 9999.9), (1706.8, 9999.9)
(1641.1, 189.9), (1641.1, 190.1)
(1641.1, 190.1), (1640.9, 190.1)
(1706.8, 7413.9), (1707.1, 7413.9)
(1706.8, 9999.9), (1706.8, 7413.9)
(1706.9, 7414.1), (1706.9, 9999.9)
(1706.9, 9999.9), (1730.8, 9999.9)
(1707.1, 7413.9), (1707.1, 7414.1)
(1707.1, 7414.1), (1706.9, 7414.1)
(1730.8, 8377.9), (1731.1, 8377.9)
(1730.8, 9999.9), (1730.8, 8377.9)
(1730.9, 8378.1), (1730.9, 9999.9)
(1730.9, 9999.9), (1747.8, 9999.9)
(1731.1, 8377.9), (1731.1, 8378.1)
(1731.1, 8378.1), (1730.9, 8378.1)
(1747.8, 9291.9), (1748.1, 9291.9)
(1747.8, 9999.9), (1747.8, 9291.9)
(1747.9, 9292.1), (1747.9, 9999.9)
(1747.9, 9999.9), (1795.8, 9999.9)
(1748.1, 9291.9), (1748.1, 9292.1)
(1748.1, 9292.1), (1747.9, 9292.1)
(1795.8, 7268.9), (1796.1, 7268.9)
(1795.8, 9999.9), (1795.8, 7268.9)
(1795.9, 7269.1), (1795.9, 9999.9)
(1795.9, 9999.9), (1801.8, 9999.9)
(1796.1, 7268.9), (1796.1, 7269.1)
(1796.1, 7269.1), (1795.9, 7269.1)
(1801.8, 1451.9), (1802.1, 1451.9)
(1801.8, 9999.9), (1801.8, 1451.9)
(1801.9, 1452.1), (1801.9, 9999.9)
(1801.9, 9999.9), (1874.8, 9999.9)
(1802.1, 1451.9), (1802.1, 1452.1)
(1802.1, 1452.1), (1801.9, 1452.1)
(1874.8, 7730.9), (1875.1, 7730.9)
(1874.8, 9999.9), (1874.8, 7730.9)
(1874.9, 7731.1), (1874.9, 9999.9)
(1874.9, 9999.9), (1970.8, 9999.9)
(1875.1, 7730.9), (1875.1, 7731.1)
(1875.1, 7731.1), (1874.9, 7731.1)
(1970.8, 780.9), (1971.1, 780.9)
(1970.8, 9999.9), (1970.8, 780.9)
(1970.9, 781.1), (1970.9, 9999.9)
(1970.9, 9999.9), (2009.8, 9999.9)
(1971.1, 780.9), (1971.1, 781.1)
(1971.1, 781.1), (1970.9, 781.1)
(2009.8, 5101.9), (2010.1, 5101.9)
(2009.8, 9999.9), (2009.8, 5101.9)
(2009.9, 5102.1), (2009.9, 9999.9)
(2009.9, 9999.9), (2013.8, 9999.9)
(2010.1, 5101.9), (2010.1, 5102.1)
(2010.1, 5102.1), (2009.9, 5102.1)
(2013.8, 5999.9), (2014.1, 5999.9)
(2013.8, 9999.9), (2013.8, 5999.9)
(2013.9, 6000.1), (2013.9, 9999.9)
(2013.9, 9999.9), (2090.8, 9999.9)
(2014.1, 5999.9), (2014.1, 6000.1)
(2014.1, 6000.1), (2013.9, 6000.1)
(2090.8, 479.9), (2091.1, 479.9)
(2090.8, 9999.9), (2090.8, 479.9)
(2090.9, 480.1), (2090.9, 9999.9)
(2090.9, 9999.9), (2122.8, 9999.9)
(2091.1, 479.9), (2091.1, 480.1)
(2091.1, 480.1), (2090.9, 480.1)
(2122.8, 7025.9), (2123.1, 7025.9)
(2122.8, 9999.9), (2122.8, 7025.9)
(2122.9, 7026.1), (2122.9, 9999.9)
(2122.9, 9999.9), (2179.8, 9999.9)
(2123.1, 7025.9), (2123.1, 7026.1)
(2123.1, 7026.1), (2122.9, 7026.1)
(2179.8, 5160.9), (2180.1, 5160.9)
(2179.8, 9999.9), (2179.8, 5160.9)
(2179.9, 5161.1), (2179.9, 9999.9)
(2179.9, 9999.9), (2215.8, 9999.9)
(2180.1, 5160.9), (2180.1, 5161.1)
(2180.1, 5161.1), (2179.9, 5161.1)
(2215.8, 4212.9), (2216.1, 4212.9)
(2215.8, 9999.9), (2215.8, 4212.9)
(2215.9, 4213.1), (2215.9, 9999.9)
(2215.9, 9999.9), (2273.8, 9999.9)
(2216.1, 4212.9), (2216.1, 4213.1)
(2216.1, 4213.1), (2215.9, 4213.1)
(2273.8, 8909.9), (2274.1, 8909.9)
(2273.8, 9999.9), (2273.8, 8909.9)
(2273.9, 8910.1), (2273.9, 9999.9)
(2273.9, 9999.9), (2325.8, 9999.9)
(2274.1, 8909.9), (2274.1, 8910.1)
(2274.1, 8910.1), (2273.9, 8910.1)
(2325.8, 1325.9), (2326.1, 1325.9)
(2325.8, 9999.9), (2325.8, 1325.9)
(2325.9, 1326.1), (2325.9, 9999.9)
(2325.9, 9999.9), (2400.8, 9999.9)
(2326.1, 1325.9), (2326.1, 1326.1)
(2326.1, 1326.1), (2325.9, 1326.1)
(2400.8, 6370.9), (2401.1, 6370.9)
(2400.8, 9999.9), (2400.8, 6370.9)
(2400.9, 6371.1), (2400.9, 9999.9)
(2400.9, 9999.9), (2420.8, 9999.9)
(2401.1, 6370.9), (2401.1, 6371.1)
(2401.1, 6371.1), (2400.9, 6371.1)
(2420.8, 7397.9), (2421.1, 7397.9)
(2420.8, 9999.9), (2420.8, 7397.9)
(2420.9, 7398.1), (2420.9, 9999.9)
(2420.9, 9999.9), (2440.8, 9999.9)
(2421.1, 7397.9), (2421.1, 7398.1)
(2421.1, 7398.1), (2420.9, 7398.1)
(2440.8, 4576.9), (2441.1, 4576.9)
(2440.8, 9999.9), (2440.8, 4576.9)
(2440.9, 4577.1), (2440.9, 9999.9)
(2440.9, 9999.9), (2606.8, 9999.9)
(2441.1, 4576.9), (2441.1, 4577.1)
(2441.1, 4577.1), (2440.9, 4577.1)
(2606.8, 1251.9), (2607.1, 1251.9)
(2606.8, 9999.9), (2606.8, 1251.9)
(2606.9, 1252.1), (2606.9, 9999.9)
(2606.9, 9999.9), (2622.8, 9999.9)
(2607.1, 1251.9), (2607.1, 1252.1)
(2607.1, 1252.1), (2606.9, 1252.1)
(2622.8, 8918.9), (2623.1, 8918.9)
(2622.8, 9999.9), (2622.8, 8918.9)
(2622.9, 8919.1), (2622.9, 9999.9)
(2622.9, 9999.9), (2639.8, 9999.9)
(2623.1, 8918.9), (2623.1, 8919.1)
(2623.1, 8919.1), (2622.9, 8919.1)
(2639.8, 8792.9), (2640.1, 8792.9)
(2639.8, 9999.9), (2639.8, 8792.9)
(2639.9, 8793.1), (2639.9, 9999.9)
(2639.9, 9999.9), (2685.8, 9999.9)
(2640.1, 8792.9), (2640.1, 8793.1)
(2640.1, 8793.1), (2639.9, 8793.1)
(2685.8, 8413.9), (2686.1, 8413.9)
(2685.8, 9999.9), (2685.8, 8413.9)
(2685.9, 8414.1), (2685.9, 9999.9)
(2685.9, 9999.9), (2699.8, 9999.9)
(2686.1, 8413.9), (2686.1, 8414.1)
(2686.1, 8414.1), (2685.9, 8414.1)
(2699.8, 8419.9), (2700.1, 8419.9)
(2699.8, 9999.9), (2699.8, 8419.9)
(2699.9, 8420.1), (2699.9, 9999.9)
(2699.9, 9999.9), (2755.8, 9999.9)
(2700.1, 8419.9), (2700.1, 8420.1)
(2700.1, 8420.1), (2699.9, 8420.1)
(2755.8, 5769.9), (2756.1, 5769.9)
(2755.8, 9999.9), (2755.8, 5769.9)
(2755.9, 5770.1), (2755.9, 9999.9)
(2755.9, 9999.9), (2802.8, 9999.9)
(2756.1, 5769.9), (2756.1, 5770.1)
(2756.1, 5770.1), (2755.9, 5770.1)
(2802.8, 831.9), (2803.1, 831.9)
(2802.8, 9999.9), (2802.8, 831.9)
(2802.9, 832.1), (2802.9, 9999.9)
(2802.9, 9999.9), (2980.8, 9999.9)
(2803.1, 831.9), (2803.1, 832.1)
(2803.1, 832.1), (2802.9, 832.1)
(2980.8, 7490.9), (2981.1, 7490.9)
(2980.8, 9999.9), (2980.8, 7490.9)
(2980.9, 7491.1), (2980.9, 9999.9)
(2980.9, 9999.9), (3007.8, 9999.9)
(2981.1, 7490.9), (2981.1, 7491.1)
(2981.1, 7491.1), (2980.9, 7491.1)
(3007.8, 444.9), (3008.1, 444.9)
(3007.8, 9999.9), (3007.8, 444.9)
(3007.9, 445.1), (3007.9, 9999.9)
(3007.9, 9999.9), (3012.8, 9999.9)
(3008.1, 444.9), (3008.1, 445.1)
(3008.1, 445.1), (3007.9, 445.1)
(3012.8, 9943.9), (3013.1, 9943.9)
(3012.8, 9999.9), (3012.8, 9943.9)
(3012.9, 9944.1), (3012.9, 9999.9)
(3012.9, 9999.9), (3228.8, 9999.9)
(3013.1, 9943.9), (3013.1, 9944.1)
(3013.1, 9944.1), (3012.9, 9944.1)
(3228.8, 7297.9), (3229.1, 7297.9)
(3228.8, 9999.9), (3228.8, 7297.9)
(3228.9, 7298.1), (3228.9, 9999.9)
(3228.9, 9999.9), (3342.8, 9999.9)
(3229.1, 7297.9), (3229.1, 7298.1)
(3229.1, 7298.1), (3228.9, 7298.1)
(3342.8, 4699.9), (3343.1, 4699.9)
(3342.8, 9999.9), (3342.8, 4699.9)
(3342.9, 4700.1), (3342.9, 9999.9)
(3342.9, 9999.9), (3351.8, 9999.9)
(3343.1, 4699.9), (3343.1, 4700.1)
(3343.1, 4700.1), (3342.9, 4700.1)
(3351.8, 8604.9), (3352.1, 8604.9)
(3351.8, 9999.9), (3351.8, 8604.9)
(3351.9, 8605.1), (3351.9, 9999.9)
(3351.9, 9999.9), (3447.8, 9999.9)
(3352.1, 8604.9), (3352.1, 8605.1)
(3352.1, 8605.1), (3351.9, 8605.1)
(3447.8, 9730.9), (3448.1, 9730.9)
(3447.8, 9999.9), (3447.8, 9730.9)
(3447.9, 9731.1), (3447.9, 9999.9)
(3447.9, 9999.9), (3775.8, 9999.9)
(3448.1, 9730.9), (3448.1, 9731.1)
(3448.1, 9731.1), (3447.9, 9731.1)
(3775.8, 6678.9), (3776.1, 6678.9)
(3775.8, 9999.9), (3775.8, 6678.9)
(3775.9, 6679.1), (3775.9, 9999.9)
(3775.9, 9999.9), (3802.8, 9999.9)
(3776.1, 6678.9), (3776.1, 6679.1)
(3776.1, 6679.1), (3775.9, 6679.1)
(3802.8, 4171.9), (3803.1, 4171.9)
(3802.8, 9999.9), (3802.8, 4171.9)
(3802.9, 4172.1), (3802.9, 9999.9)
(3802.9, 9999.9), (3871.8, 9999.9)
(3803.1, 4171.9), (3803.1, 4172.1)
(3803.1, 4172.1), (3802.9, 4172.1)
(3871.8, 3354.9), (3872.1, 3354.9)
(3871.8, 9999.9), (3871.8, 3354.9)
(3871.9, 3355.1), (3871.9, 9999.9)
(3871.9, 9999.9), (3938.8, 9999.9)
(3872.1, 3354.9), (3872.1, 3355.1)
(3872.1, 3355.1), (3871.9, 3355.1)
(3938.8, 1404.9), (3939.1, 1404.9)
(3938.8, 9999.9), (3938.8, 1404.9)
(3938.9, 1405.1), (3938.9, 9999.9)
(3938.9, 9999.9), (4019.8, 9999.9)
(3939.1, 1404.9), (3939.1, 1405.1)
(3939.1, 1405.1), (3938.9, 1405.1)
(4019.8, 8833.9), (4020.1, 8833.9)
(4019.8, 9999.9), (4019.8, 8833.9)
(4019.9, 8834.1), (4019.9, 9999.9)
(4019.9, 9999.9), (4043.8, 9999.9)
(4020.1, 8833.9), (4020.1, 8834.1)
(4020.1, 8834.1), (4019.9, 8834.1)
(4043.8, 8035.9), (4044.1, 8035.9)
(4043.8, 9999.9), (4043.8, 8035.9)
(4043.9, 8036.1), (4043.9, 9999.9)
(4043.9, 9999.9), (4056.8, 9999.9)
(4044.1, 8035.9), (4044.1, 8036.1)
(4044.1, 8036.1), (4043.9, 8036.1)
(4056.8, 5392.9), (4057.1, 5392.9)
(4056.8, 9999.9), (4056.8, 5392.9)
(4056.9, 5393.1), (4056.9, 9999.9)
(4056.9, 9999.9), (4302.8, 9999.9)
(4057.1, 5392.9), (4057.1, 5393.1)
(4057.1, 5393.1), (4056.9, 5393.1)
(4302.8, 8110.9), (4303.1, 8110.9)
(4302.8, 9999.9), (4302.8, 8110.9)
(4302.9, 8111.1), (4302.9, 9999.9)
(4302.9, 9999.9), (4394.8, 9999.9)
(4303.1, 8110.9), (4303.1, 8111.1)
(4303.1, 8111.1), (4302.9, 8111.1)
(4394.8, 9664.9), (4395.1, 9664.9)
(4394.8, 9999.9), (4394.8, 9664.9)
(4394.9, 9665.1), (4394.9, 9999.9)
(4394.9, 9999.9), (4552.8, 9999.9)
(4395.1, 9664.9), (4395.1, 9665.1)
(4395.1, 9665.1), (4394.9, 9665.1)
(4552.8, 933.9), (4553.1, 933.9)
(4552.8, 9999.9), (4552.8, 933.9)
(4552.9, 934.1), (4552.9, 9999.9)
(4552.9, 9999.9), (4553.8, 9999.9)
(4553.1, 933.9), (4553.1, 934.1)
(4553.1, 934.1), (4552.9, 934.1)
(4553.8, 8866.9), (4554.1, 8866.9)
(4553.8, 9999.9), (4553.8, 8866.9)
(4553.9, 8867.1), (4553.9, 9999.9)
(4553.9, 9999.9), (4658.8, 9999.9)
(4554.1, 8866.9), (4554.1, 8867.1)
(4554.1, 8867.1), (4553.9, 8867.1)
(4658.8, 9862.9), (4659.1, 9862.9)
(4658.8, 9999.9), (4658.8, 9862.9)
(4658.9, 9863.1), (4658.9, 9999.9)
(4658.9, 9999.9), (4699.8, 9999.9)
(4659.1, 9862.9), (4659.1, 9863.1)
(4659.1, 9863.1), (4658.9, 9863.1)
(4699.8, 24.9), (4700.1, 24.9)
(4699.8, 9999.9), (4699.8, 24.9)
(4699.9, 25.1), (4699.9, 9999.9)
(4699.9, 9999.9), (4737.8, 9999.9)
(4700.1, 24.9), (4700.1, 25.1)
(4700.1, 25.1), (4699.9, 25.1)
(4737.8, 2216.9), (4738.1, 2216.9)
(4737.8, 9999.9), (4737.8, 2216.9)
(4737.9, 2217.1), (4737.9, 9999.9)
(4737.9, 9999.9), (4788.8, 9999.9)
(4738.1, 2216.9), (4738.1, 2217.1)
(4738.1, 2217.1), (4737.9, 2217.1)
(4788.8, 4330.9), (4789.1, 4330.9)
(4788.8, 9999.9), (4788.8, 4330.9)
(4788.9, 4331.1), (4788.9, 9999.9)
(4788.9, 9999.9), (4874.8, 9999.9)
(4789.1, 4330.9), (4789.1, 4331.1)
(4789.1, 4331.1), (4788.9, 4331.1)
(4874.8, 9946.9), (4875.1, 9946.9)
(4874.8, 9999.9), (4874.8, 9946.9)
(4874.9, 9947.1), (4874.9, 9999.9)
(4874.9, 9999.9), (4916.8, 9999.9)
(4875.1, 9946.9), (4875.1, 9947.1)
(4875.1, 9947.1), (4874.9, 9947.1)
(4916.8, 6128.9), (4917.1, 6128.9)
(4916.8, 9999.9), (4916.8, 6128.9)
(4916.9, 6129.1), (4916.9, 9999.9)
(4916.9, 9999.9), (4935.8, 9999.9)
(4917.1, 6128.9), (4917.1, 6129.1)
(4917.1, 6129.1), (4916.9, 6129.1)
(4935.8, 4498.9), (4936.1, 4498.9)
(4935.8, 9999.9), (4935.8, 4498.9)
(4935.9, 4499.1), (4935.9, 9999.9)
(4935.9, 9999.9), (4966.8, 9999.9)
(4936.1, 4498.9), (4936.1, 4499.1)
(4936.1, 4499.1), (4935.9, 4499.1)
(4966.8, 1353.9), (4967.1, 1353.9)
(4966.8, 9999.9), (4966.8, 1353.9)
(4966.9, 1354.1), (4966.9, 9999.9)
(4966.9, 9999.9), (5037.8, 9999.9)
(4967.1, 1353.9), (4967.1, 1354.1)
(4967.1, 1354.1), (4966.9, 1354.1)
(5037.8, 5047.9), (5038.1, 5047.9)
(5037.8, 9999.9), (5037.8, 5047.9)
(5037.9, 5048.1), (5037.9, 9999.9)
(5037.9, 9999.9), (5062.8, 9999.9)
(5038.1, 5047.9), (5038.1, 5048.1)
(5038.1, 5048.1), (5037.9, 5048.1)
(5062.8, 3056.9), (5063.1, 3056.9)
(5062.8, 9999.9), (5062.8, 3056.9)
(5062.9, 3057.1), (5062.9, 9999.9)
(5062.9, 9999.9), (5069.8, 9999.9)
(5063.1, 3056.9), (5063.1, 3057.1)
(5063.1, 3057.1), (5062.9, 3057.1)
(5069.8, 110.9), (5070.1, 110.9)
(5069.8, 9999.9), (5069.8, 110.9)
(5069.9, 111.1), (5069.9, 9999.9)
(5069.9, 9999.9), (5093.8, 9999.9)
(5070.1, 110.9), (5070.1, 111.1)
(5070.1, 111.1), (5069.9, 111.1)
(5093.8, 5221.9), (5094.1, 5221.9)
(5093.8, 9999.9), (5093.8, 5221.9)
(5093.9, 5222.1), (5093.9, 9999.9)
(5093.9, 9999.9), (5168.8, 9999.9)
(5094.1, 5221.9), (5094.1, 5222.1)
(5094.1, 5222.1), (5093.9, 5222.1)
(5168.8, 6275.9), (5169.1, 6275.9)
(5168.8, 9999.9), (5168.8, 6275.9)
(5168.9, 6276.1), (5168.9, 9999.9)
(5168.9, 9999.9), (5196.8, 9999.9)
(5169.1, 6275.9), (5169.1, 6276.1)
(5169.1, 6276.1), (5168.9, 6276.1)
(5196.8, 723.9), (5197.1, 723.9)
(5196.8, 9999.9), (5196.8, 723.9)
(5196.9, 724.1), (5196.9, 9999.9)
(5196.9, 9999.9), (5228.8, 9999.9)
(5197.1, 723.9), (5197.1, 724.1)
(5197.1, 724.1), (5196.9, 724.1)
(5228.8, 2311.9), (5229.1, 2311.9)
(5228.8, 9999.9), (5228.8, 2311.9)
(5228.9, 2312.1), (5228.9, 9999.9)
(5228.9, 9999.9), (5277.8, 9999.9)
(5229.1, 2311.9), (5229.1, 2312.1)
(5229.1, 2312.1), (5228.9, 2312.1)
(5277.8, 5839.9), (5278.1, 5839.9)
(5277.8, 9999.9), (5277.8, 5839.9)
(5277.9, 5840.1), (5277.9, 9999.9)
(5277.9, 9999.9), (5296.8, 9999.9)
(5278.1, 5839.9), (5278.1, 5840.1)
(5278.1, 5840.1), (5277.9, 5840.1)
(5296.8, 920.9), (5297.1, 920.9)
(5296.8, 9999.9), (5296.8, 920.9)
(5296.9, 921.1), (5296.9, 9999.9)
(5296.9, 9999.9), (5422.8, 9999.9)
(5297.1, 920.9), (5297.1, 921.1)
(5297.1, 921.1), (5296.9, 921.1)
(5422.8, 3457.9), (5423.1, 3457.9)
(5422.8, 9999.9), (5422.8, 3457.9)
(5422.9, 3458.1), (5422.9, 9999.9)
(5422.9, 9999.9), (5430.8, 9999.9)
(5423.1, 3457.9), (5423.1, 3458.1)
(5423.1, 3458.1), (5422.9, 3458.1)
(5430.8, 5185.9), (5431.1, 5185.9)
(5430.8, 9999.9), (5430.8, 5185.9)
(5430.9, 5186.1), (5430.9, 9999.9)
(5430.9, 9999.9), (5576.8, 9999.9)
(5431.1, 5185.9), (5431.1, 5186.1)
(5431.1, 5186.1), (5430.9, 5186.1)
(5576.8, 605.9), (5577.1, 605.9)
(5576.8, 9999.9), (5576.8, 605.9)
(5576.9, 606.1), (5576.9, 9999.9)
(5576.9, 9999.9), (5671.8, 9999.9)
(5577.1, 605.9), (5577.1, 606.1)
(5577.1, 606.1), (5576.9, 606.1)
(5671.8, 6482.9), (5672.1, 6482.9)
(5671.8, 9999.9), (5671.8, 6482.9)
(5671.9, 6483.1), (5671.9, 9999.9)
(5671.9, 9999.9), (5747.8, 9999.9)
(5672.1, 6482.9), (5672.1, 6483.1)
(5672.1, 6483.1), (5671.9, 6483.1)
(5747.8, 9558.9), (5748.1, 9558.9)
(5747.8, 9999.9), (5747.8, 9558.9)
(5747.9, 9559.1), (5747.9, 9999.9)
(5747.9, 9999.9), (5830.8, 9999.9)
(5748.1, 9558.9), (5748.1, 9559.1)
(5748.1, 9559.1), (5747.9, 9559.1)
(5830.8, 6436.9), (5831.1, 6436.9)
(5830.8, 9999.9), (5830.8, 6436.9)
(5830.9, 6437.1), (5830.9, 9999.9)
(5830.9, 9999.9), (5834.8, 9999.9)
(5831.1, 6436.9), (5831.1, 6437.1)
(5831.1, 6437.1), (5830.9, 6437.1)
(5834.8, 8301.9), (5835.1, 8301.9)
(5834.8, 9999.9), (5834.8, 8301.9)
(5834.9, 8302.1), (5834.9, 9999.9)
(5834.9, 9999.9), (5844.8, 9999.9)
(5835.1, 8301.9), (5835.1, 8302.1)
(5835.1, 8302.1), (5834.9, 8302.1)
(5844.8, 8204.9), (5845.1, 8204.9)
(5844.8, 9999.9), (5844.8, 8204.9)
(5844.9, 8205.1), (5844.9, 9999.9)
(5844.9, 9999.9), (5905.8, 9999.9)
(5845.1, 8204.9), (5845.1, 8205.1)
(5845.1, 8205.1), (5844.9, 8205.1)
(5905.8, 508.9), (5906.1, 508.9)
(5905.8, 9999.9), (5905.8, 508.9)
(5905.9, 509.1), (5905.9, 9999.9)
(5905.9, 9999.9), (6068.8, 9999.9)
(5906.1, 508.9), (5906.1, 509.1)
(5906.1, 509.1), (5905.9, 509.1)
(6068.8, 6688.9), (6069.1, 6688.9)
(6068.8, 9999.9), (6068.8, 6688.9)
(6068.9, 6689.1), (6068.9, 9999.9)
(6068.9, 9999.9), (6187.8, 9999.9)
(6069.1, 6688.9), (6069.1, 6689.1)
(6069.1, 6689.1), (6068.9, 6689.1)
(6187.8, 5476.9), (6188.1, 5476.9)
(6187.8, 9999.9), (6187.8, 5476.9)
(6187.9, 5477.1), (6187.9, 9999.9)
(6187.9, 9999.9), (6189.8, 9999.9)
(6188.1, 5476.9), (6188.1, 5477.1)
(6188.1, 5477.1), (6187.9, 5477.1)
(6189.8, 7450.9), (6190.1, 7450.9)
(6189.8, 9999.9), (6189.8, 7450.9)
(6189.9, 7451.1), (6189.9, 9999.9)
(6189.9, 9999.9), (6291.8, 9999.9)
(6190.1, 7450.9), (6190.1, 7451.1)
(6190.1, 7451.1), (6189.9, 7451.1)
(6291.8, 1836.9), (6292.1, 1836.9)
(6291.8, 9999.9), (6291.8, 1836.9)
(6291.9, 1837.1), (6291.9, 9999.9)
(6291.9, 9999.9), (6306.8, 9999.9)
(6292.1, 1836.9), (6292.1, 1837.1)
(6292.1, 1837.1), (6291.9, 1837.1)
(6306.8, 1889.9), (6307.1, 1889.9)
(6306.8, 9999.9), (6306.8, 1889.9)
(6306.9, 1890.1), (6306.9, 9999.9)
(6306.9, 9999.9), (6338.8, 9999.9)
(6307.1, 1889.9), (6307.1, 1890.1)
(6307.1, 1890.1), (6306.9, 1890.1)
(6338.8, 8949.9), (6339.1, 8949.9)
(6338.8, 9999.9), (6338.8, 8949.9)
(6338.9, 8950.1), (6338.9, 9999.9)
(6338.9, 9999.9), (6427.8, 9999.9)
(6339.1, 8949.9), (6339.1, 8950.1)
(6339.1, 8950.1), (6338.9, 8950.1)
(6427.8, 14.9), (6428.1, 14.9)
(6427.8, 9999.9), (6427.8, 14.9)
(6427.9, 15.1), (6427.9, 9999.9)
(6427.9, 9999.9), (6451.8, 9999.9)
(6428.1, 14.9), (6428.1, 15.1)
(6428.1, 15.1), (6427.9, 15.1)
(6451.8, 4986.9), (6452.1, 4986.9)
(6451.8, 9999.9), (6451.8, 4986.9)
(6451.9, 4987.1), (6451.9, 9999.9)
(6451.9, 9999.9), (6601.8, 9999.9)
(6452.1, 4986.9), (6452.1, 4987.1)
(6452.1, 4987.1), (6451.9, 4987.1)
(6601.8, 4683.9), (6602.1, 4683.9)
(6601.8, 9999.9), (6601.8, 4683.9)
(6601.9, 4684.1), (6601.9, 9999.9)
(6601.9, 9999.9), (6697.8, 9999.9)
(6602.1, 4683.9), (6602.1, 4684.1)
(6602.1, 4684.1), (6601.9, 4684.1)
(6697.8, 7979.9), (6698.1, 7979.9)
(6697.8, 9999.9), (6697.8, 7979.9)
(6697.9, 7980.1), (6697.9, 9999.9)
(6697.9, 9999.9), (6712.8, 9999.9)
(6698.1, 7979.9), (6698.1, 7980.1)
(6698.1, 7980.1), (6697.9, 7980.1)
(6712.8, 2802.9), (6713.1, 2802.9)
(6712.8, 9999.9), (6712.8, 2802.9)
(6712.9, 2803.1), (6712.9, 9999.9)
(6712.9, 9999.9), (6723.8, 9999.9)
(6713.1, 2802.9), (6713.1, 2803.1)
(6713.1, 2803.1), (6712.9, 2803.1)
(6723.8, 8662.9), (6724.1, 8662.9)
(6723.8, 9999.9), (6723.8, 8662.9)
(6723.9, 8663.1), (6723.9, 9999.9)
(6723.9, 9999.9), (6791.8, 9999.9)
(6724.1, 8662.9), (6724.1, 8663.1)
(6724.1, 8663.1), (6723.9, 8663.1)
(6791.8, 5133.9), (6792.1, 5133.9)
(6791.8, 9999.9), (6791.8, 5133.9)
(6791.9, 5134.1), (6791.9, 9999.9)
(6791.9, 9999.9), (6817.8, 9999.9)
(6792.1, 5133.9), (6792.1, 5134.1)
(6792.1, 5134.1), (6791.9, 5134.1)
(6817.8, 845.9), (6818.1, 845.9)
(6817.8, 9999.9), (6817.8, 845.9)
(6817.9, 846.1), (6817.9, 9999.9)
(6817.9, 9999.9), (6839.8, 9999.9)
(6818.1, 845.9), (6818.1, 846.1)
(6818.1, 846.1), (6817.9, 846.1)
(6839.8, 8692.9), (6840.1, 8692.9)
(6839.8, 9999.9), (6839.8, 8692.9)
(6839.9, 8693.1), (6839.9, 9999.9)
(6839.9, 9999.9), (6848.8, 9999.9)
(6840.1, 8692.9), (6840.1, 8693.1)
(6840.1, 8693.1), (6839.9, 8693.1)
(6848.8, 5216.9), (6849.1, 5216.9)
(6848.8, 9999.9), (6848.8, 5216.9)
(6848.9, 5217.1), (6848.9, 9999.9)
(6848.9, 9999.9), (7026.8, 9999.9)
(6849.1, 5216.9), (6849.1, 5217.1)
(6849.1, 5217.1), (6848.9, 5217.1)
(7026.8, 2061.9), (7027.1, 2061.9)
(7026.8, 9999.9), (7026.8, 2061.9)
(7026.9, 2062.1), (7026.9, 9999.9)
(7026.9, 9999.9), (7134.8, 9999.9)
(7027.1, 2061.9), (7027.1, 2062.1)
(7027.1, 2062.1), (7026.9, 2062.1)
(7134.8, 5468.9), (7135.1, 5468.9)
(7134.8, 9999.9), (7134.8, 5468.9)
(7134.9, 5469.1), (7134.9, 9999.9)
(7134.9, 9999.9), (7209.8, 9999.9)
(7135.1, 5468.9), (7135.1, 5469.1)
(7135.1, 5469.1), (7134.9, 5469.1)
(7209.8, 6324.9), (7210.1, 6324.9)
(7209.8, 9999.9), (7209.8, 6324.9)
(7209.9, 6325.1), (7209.9, 9999.9)
(7209.9, 9999.9), (7518.8, 9999.9)
(7210.1, 6324.9), (7210.1, 6325.1)
(7210.1, 6325.1), (7209.9, 6325.1)
(7518.8, 6155.9), (7519.1, 6155.9)
(7518.8, 9999.9), (7518.8, 6155.9)
(7518.9, 6156.1), (7518.9, 9999.9)
(7518.9, 9999.9), (7552.8, 9999.9)
(7519.1, 6155.9), (7519.1, 6156.1)
(7519.1, 6156.1), (7518.9, 6156.1)
(7552.8, 261.9), (7553.1, 261.9)
(7552.8, 9999.9), (7552.8, 261.9)
(7552.9, 262.1), (7552.9, 9999.9)
(7552.9, 9999.9), (7722.8, 9999.9)
(7553.1, 261.9), (7553.1, 262.1)
(7553.1, 262.1), (7552.9, 262.1)
(7722.8, 9148.9), (7723.1, 9148.9)
(7722.8, 9999.9), (7722.8, 9148.9)
(7722.9, 9149.1), (7722.9, 9999.9)
(7722.9, 9999.9), (7852.8, 9999.9)
(7723.1, 9148.9), (7723.1, 9149.1)
(7723.1, 9149.1), (7722.9, 9149.1)
(7852.8, 6041.9), (7853.1, 6041.9)
(7852.8, 9999.9), (7852.8, 6041.9)
(7852.9, 6042.1), (7852.9, 9999.9)
(7852.9, 9999.9), (7875.8, 9999.9)
(7853.1, 6041.9), (7853.1, 6042.1)
(7853.1, 6042.1), (7852.9, 6042.1)
(7875.8, 5192.9), (7876.1, 5192.9)
(7875.8, 9999.9), (7875.8, 5192.9)
(7875.9, 5193.1), (7875.9, 9999.9)
(7875.9, 9999.9), (7954.8, 9999.9)
(7876.1, 5192.9), (7876.1, 5193.1)
(7876.1, 5193.1), (7875.9, 5193.1)
(7954.8, 5822.9), (7955.1, 5822.9)
(7954.8, 9999.9), (7954.8, 5822.9)
(7954.9, 5823.1), (7954.9, 9999.9)
(7954.9, 9999.9), (7986.8, 9999.9)
(7955.1, 5822.9), (7955.1, 5823.1)
(7955.1, 5823.1), (7954.9, 5823.1)
(7986.8, 4328.9), (7987.1, 4328.9)
(7986.8, 9999.9), (7986.8, 4328.9)
(7986.9, 4329.1), (7986.9, 9999.9)
(7986.9, 9999.9), (8021.8, 9999.9)
(7987.1, 4328.9), (7987.1, 4329.1)
(7987.1, 4329.1), (7986.9, 4329.1)
(8021.8, 340.9), (8022.1, 340.9)
(8021.8, 9999.9), (8021.8, 340.9)
(8021.9, 341.1), (8021.9, 9999.9)
(8021.9, 9999.9), (8048.8, 9999.9)
(8022.1, 340.9), (8022.1, 341.1)
(8022.1, 341.1), (8021.9, 341.1)
(8048.8, 1875.9), (8049.1, 1875.9)
(8048.8, 9999.9), (8048.8, 1875.9)
(8048.9, 1876.1), (8048.9, 9999.9)
(8048.9, 9999.9), (8170.8, 9999.9)
(8049.1, 1875.9), (8049.1, 1876.1)
(8049.1, 1876.1), (8048.9, 1876.1)
(8170.8, 3837.9), (8171.1, 3837.9)
(8170.8, 9999.9), (8170.8, 3837.9)
(8170.9, 3838.1), (8170.9, 9999.9)
(8170.9, 9999.9), (8237.8, 9999.9)
(8171.1, 3837.9), (8171.1, 3838.1)
(8171.1, 3838.1), (8170.9, 3838.1)
(8237.8, 1803.9), (8238.1, 1803.9)
(8237.8, 9999.9), (8237.8, 1803.9)
(8237.9, 1804.1), (8237.9, 9999.9)
(8237.9, 9999.9), (8243.8, 9999.9)
(8238.1, 1803.9), (8238.1, 1804.1)
(8238.1, 1804.1), (8237.9, 1804.1)
(8243.8, 689.9), (8244.1, 689.9)
(8243.8, 9999.9), (8243.8, 689.9)
(8243.9, 690.1), (8243.9, 9999.9)
(8243.9, 9999.9), (8451.8, 9999.9)
(8244.1, 689.9), (8244.1, 690.1)
(8244.1, 690.1), (8243.9, 690.1)
(8451.8, 4054.9), (8452.1, 4054.9)
(8451.8, 9999.9), (8451.8, 4054.9)
(8451.9, 4055.1), (8451.9, 9999.9)
(8451.9, 9999.9), (8452.8, 9999.9)
(8452.1, 4054.9), (8452.1, 4055.1)
(8452.1, 4055.1), (8451.9, 4055.1)
(8452.8, 7603.9), (8453.1, 7603.9)
(8452.8, 9999.9), (8452.8, 7603.9)
(8452.9, 7604.1), (8452.9, 9999.9)
(8452.9, 9999.9), (8504.8, 9999.9)
(8453.1, 7603.9), (8453.1, 7604.1)
(8453.1, 7604.1), (8452.9, 7604.1)
(8504.8, 7645.9), (8505.1, 7645.9)
(8504.8, 9999.9), (8504.8, 7645.9)
(8504.9, 7646.1), (8504.9, 9999.9)
(8504.9, 9999.9), (8517.8, 9999.9)
(8505.1, 7645.9), (8505.1, 7646.1)
(8505.1, 7646.1), (8504.9, 7646.1)
(8517.8, 4053.9), (8518.1, 4053.9)
(8517.8, 9999.9), (8517.8, 4053.9)
(8517.9, 4054.1), (8517.9, 9999.9)
(8517.9, 9999.9), (8641.8, 9999.9)
(8518.1, 4053.9), (8518.1, 4054.1)
(8518.1, 4054.1), (8517.9, 4054.1)
(8641.8, 7871.9), (8642.1, 7871.9)
(8641.8, 9999.9), (8641.8, 7871.9)
(8641.9, 7872.1), (8641.9, 9999.9)
(8641.9, 9999.9), (8706.8, 9999.9)
(8642.1, 7871.9), (8642.1, 7872.1)
(8642.1, 7872.1), (8641.9, 7872.1)
(8706.8, 3185.9), (8707.1, 3185.9)
(8706.8, 9999.9), (8706.8, 3185.9)
(8706.9, 3186.1), (8706.9, 9999.9)
(8706.9, 9999.9), (8715.8, 9999.9)
(8707.1, 3185.9), (8707.1, 3186.1)
(8707.1, 3186.1), (8706.9, 3186.1)
(8715.8, 4312.9), (8716.1, 4312.9)
(8715.8, 9999.9), (8715.8, 4312.9)
(8715.9, 4313.1), (8715.9, 9999.9)
(8715.9, 9999.9), (8744.8, 9999.9)
(8716.1, 4312.9), (8716.1, 4313.1)
(8716.1, 4313.1), (8715.9, 4313.1)
(8744.8, 5024.9), (8745.1, 5024.9)
(8744.8, 9999.9), (8744.8, 5024.9)
(8744.9, 5025.1), (8744.9, 9999.9)
(8744.9, 9999.9), (8745.8, 9999.9)
(8745.1, 5024.9), (8745.1, 5025.1)
(8745.1, 5025.1), (8744.9, 5025.1)
(8745.8, 4501.9), (8746.1, 4501.9)
(8745.8, 9999.9), (8745.8, 4501.9)
(8745.9, 4502.1), (8745.9, 9999.9)
(8745.9, 9999.9), (8781.8, 9999.9)
(8746.1, 4501.9), (8746.1, 4502.1)
(8746.1, 4502.1), (8745.9, 4502.1)
(8781.8, 2732.9), (8782.1, 2732.9)
(8781.8, 9999.9), (8781.8, 2732.9)
(8781.9, 2733.1), (8781.9, 9999.9)
(8781.9, 9999.9), (8855.8, 9999.9)
(8782.1, 2732.9), (8782.1, 2733.1)
(8782.1, 2733.1), (8781.9, 2733.1)
(8855.8, 2260.9), (8856.1, 2260.9)
(8855.8, 9999.9), (8855.8, 2260.9)
(8855.9, 2261.1), (8855.9, 9999.9)
(8855.9, 9999.9), (8873.8, 9999.9)
(8856.1, 2260.9), (8856.1, 2261.1)
(8856.1, 2261.1), (8855.9, 2261.1)
(8873.8, 8626.9), (8874.1, 8626.9)
(8873.8, 9999.9), (8873.8, 8626.9)
(8873.9, 8627.1), (8873.9, 9999.9)
(8873.9, 9999.9), (8882.8, 9999.9)
(8874.1, 8626.9), (8874.1, 8627.1)
(8874.1, 8627.1), (8873.9, 8627.1)
(8882.8, 2491.9), (8883.1, 2491.9)
(8882.8, 9999.9), (8882.8, 2491.9)
(8882.9, 2492.1), (8882.9, 9999.9)
(8882.9, 9999.9), (9048.8, 9999.9)
(8883.1, 2491.9), (8883.1, 2492.1)
(8883.1, 2492.1), (8882.9, 2492.1)
(9048.8, 344.9), (9049.1, 344.9)
(9048.8, 9999.9), (9048.8, 344.9)
(9048.9, 345.1), (9048.9, 9999.9)
(9048.9, 9999.9), (9083.8, 9999.9)
(9049.1, 344.9), (9049.1, 345.1)
(9049.1, 345.1), (9048.9, 345.1)
(9083.8, 9332.9), (9084.1, 9332.9)
(9083.8, 9999.9), (9083.8, 9332.9)
(9083.9, 9333.1), (9083.9, 9999.9)
(9083.9, 9999.9), (9107.8, 9999.9)
(9084.1, 9332.9), (9084.1, 9333.1)
(9084.1, 9333.1), (9083.9, 9333.1)
(9107.8, 131.9), (9108.1, 131.9)
(9107.8, 9999.9), (9107.8, 131.9)
(9107.9, 132.1), (9107.9, 9999.9)
(9107.9, 9999.9), (9205.8, 9999.9)
(9108.1, 131.9), (9108.1, 132.1)
(9108.1, 132.1), (9107.9, 132.1)
(9205.8, 2232.9), (9206.1, 2232.9)
(9205.8, 9999.9), (9205.8, 2232.9)
(9205.9, 2233.1), (9205.9, 9999.9)
(9205.9, 9999.9), (9245.8, 9999.9)
(9206.1, 2232.9), (9206.1, 2233.1)
(9206.1, 2233.1), (9205.9, 2233.1)
(9245.8, 681.9), (9246.1, 681.9)
(9245.8, 9999.9), (9245.8, 681.9)
(9245.9, 682.1), (9245.9, 9999.9)
(9245.9, 9999.9), (9404.8, 9999.9)
(9246.1, 681.9), (9246.1, 682.1)
(9246.1, 682.1), (9245.9, 682.1)
(9404.8, 714.9), (9405.1, 714.9)
(9404.8, 9999.9), (9404.8, 714.9)
(9404.9, 715.1), (9404.9, 9999.9)
(9404.9, 9999.9), (9441.8, 9999.9)
(9405.1, 714.9), (9405.1, 715.1)
(9405.1, 715.1), (9404.9, 715.1)
(9441.8, 2188.9), (9442.1, 2188.9)
(9441.8, 9999.9), (9441.8, 2188.9)
(9441.9, 2189.1), (9441.9, 9999.9)
(9441.9, 9999.9), (9516.8, 9999.9)
(9442.1, 2188.9), (9442.1, 2189.1)
(9442.1, 2189.1), (9441.9, 2189.1)
(9516.8, 4448.9), (9517.1, 4448.9)
(9516.8, 9999.9), (9516.8, 4448.9)
(9516.9, 4449.1), (9516.9, 9999.9)
(9516.9, 9999.9), (9616.8, 9999.9)
(9517.1, 4448.9), (9517.1, 4449.1)
(9517.1, 4449.1), (9516.9, 4449.1)
(9616.8, 182.9), (9617.1, 182.9)
(9616.8, 9999.9), (9616.8, 182.9)
(9616.9, 183.1), (9616.9, 9999.9)
(9616.9, 9999.9), (9633.8, 9999.9)
(9617.1, 182.9), (9617.1, 183.1)
(9617.1, 183.1), (9616.9, 183.1)
(9633.8, 3569.9), (9634.1, 3569.9)
(9633.8, 9999.9), (9633.8, 3569.9)
(9633.9, 3570.1), (9633.9, 9999.9)
(9633.9, 9999.9), (9838.8, 9999.9)
(9634.1, 3569.9), (9634.1, 3570.1)
(9634.1, 3570.1), (9633.9, 3570.1)
(9838.8, 3351.9), (9839.1, 3351.9)
(9838.8, 9999.9), (9838.8, 3351.9)
(9838.9, 3352.1), (9838.9, 9999.9)
(9838.9, 9999.9), (9843.8, 9999.9)
(9839.1, 3351.9), (9839.1, 3352.1)
(9839.1, 3352.1), (9838.9, 3352.1)
(9843.8, 6951.9), (9844.1, 6951.9)
(9843.8, 9999.9), (9843.8, 6951.9)
(9843.9, 6952.1), (9843.9, 9999.9)
(9843.9, 9999.9), (9955.8, 9999.9)
(9844.1, 6951.9), (9844.1, 6952.1)
(9844.1, 6952.1), (9843.9, 6952.1)
(9955.8, 129.9), (9956.1, 129.9)
(9955.8, 9999.9), (9955.8, 129.9)
(9955.9, 130.1), (9955.9, 9999.9)
(9955.9, 9999.9), (9961.8, 9999.9)
(9956.1, 129.9), (9956.1, 130.1)
(9956.1, 130.1), (9955.9, 130.1)
(9961.8, 2970.9), (9962.1, 2970.9)
(9961.8, 9999.9), (9961.8, 2970.9)
(9961.9, 2971.1), (9961.9, 9999.9)
(9961.9, 9999.9), (9995.8, 9999.9)
(9962.1, 2970.9), (9962.1, 2971.1)
(9962.1, 2971.1), (9961.9, 2971.1)
(9995.8, 8570.9), (9996.1, 8570.9)
(9995.8, 9999.9), (9995.8, 8570.9)
(9995.9, 8571.1), (9995.9, 9999.9)
(9995.9, 9999.9), (9999.9, 9999.9)
(9996.1, 8570.9), (9996.1, 8571.1)
(9996.1, 8571.1), (9995.9, 8571.1)
(9999.9, 0.1), (0.1, 0.1)
(9999.9, 9999.9), (9999.9, 0.1)
