3999010
988, 988
(115.8, 2387.9), (116.1, 2387.9)
(115.8, 10000), (115.8, 2387.9)
(115.8, 10000), (9949.9, 10000)
(115.9, 2388.1), (115.9, 9999.9)
(115.9, 9999.9), (135.8, 9999.9)
(116.1, 2387.9), (116.1, 2388.1)
(116.1, 2388.1), (115.9, 2388.1)
(135.8, 977.9), (136.1, 977.9)
(135.8, 9999.9), (135.8, 977.9)
(135.9, 978.1), (135.9, 9999.9)
(135.9, 9999.9), (136.8, 9999.9)
(136.1, 977.9), (136.1, 978.1)
(136.1, 978.1), (135.9, 978.1)
(136.8, 9540.9), (137.1, 9540.9)
(136.8, 9999.9), (136.8, 9540.9)
(136.9, 9541.1), (136.9, 9999.9)
(136.9, 9999.9), (235.8, 9999.9)
(137.1, 9540.9), (137.1, 9541.1)
(137.1, 9541.1), (136.9, 9541.1)
(235.8, 3953.9), (236.1, 3953.9)
(235.8, 9999.9), (235.8, 3953.9)
(235.9, 3954.1), (235.9, 9999.9)
(235.9, 9999.9), (248.8, 9999.9)
(236.1, 3953.9), (236.1, 3954.1)
(236.1, 3954.1), (235.9, 3954.1)
(248.8, 1312.9), (249.1, 1312.9)
(248.8, 9999.9), (248.8, 1312.9)
(248.9, 1313.1), (248.9, 9999.9)
(248.9, 9999.9), (251.8, 9999.9)
(249.1, 1312.9), (249.1, 1313.1)
(249.1, 1313.1), (248.9, 1313.1)
(251.8, 3800.9), (252.1, 3800.9)
(251.8, 9999.9), (251.8, 3800.9)
(251.9, 3801.1), (251.9, 9732.9)
(251.9, 9732.9), (252.1, 9732.9)
(251.9, 9733.1), (251.9, 9999.9)
(251.9, 9999.9), (384.8, 9999.9)
(252.1, 9732.9), (252.1, 9733.1)
(252.1, 9733.1), (251.9, 9733.1)
(252.1, 3800.9), (252.1, 3801.1)
(252.1, 3801.1), (251.9, 3801.1)
(384.8, 5657.9), (385.1, 5657.9)
(384.8, 9999.9), (384.8, 5657.9)
(384.9, 5658.1), (384.9, 9999.9)
(384.9, 9999.9), (400.8, 9999.9)
(385.1, 5657.9), (385.1, 5658.1)
(385.1, 5658.1), (384.9, 5658.1)
(400.8, 4682.9), (401.1, 4682.9)
(400.8, 9999.9), (400.8, 4682.9)
(400.9, 4683.1), (400.9, 9999.9)
(400.9, 9999.9), (404.8, 9999.9)
(401.1, 4682.9), (401.1, 4683.1)
(401.1, 4683.1), (400.9, 4683.1)
(404.8, 1149.9), (405.1, 1149.9)
(404.8, 9999.9), (404.8, 1149.9)
(404.9, 1150.1), (404.9, 9999.9)
(404.9, 9999.9), (518.8, 9999.9)
(405.1, 1149.9), (405.1, 1150.1)
(405.1, 1150.1), (404.9, 1150.1)
(518.8, 1830.9), (519.1, 1830.9)
(518.8, 9999.9), (518.8, 1830.9)
(518.9, 1831.1), (518.9, 9999.9)
(518.9, 9999.9), (528.8, 9999.9)
(519.1, 1830.9), (519.1, 1831.1)
(519.1, 1831.1), (518.9, 1831.1)
(528.8, 2941.9), (529.1, 2941.9)
(528.8, 9999.9), (528.8, 2941.9)
(528.9, 2942.1), (528.9, 9999.9)
(528.9, 9999.9), (539.8, 9999.9)
(529.1, 2941.9), (529.1, 2942.1)
(529.1, 2942.1), (528.9, 2942.1)
(539.8, 9742.9), (540.1, 9742.9)
(539.8, 9999.9), (539.8, 9742.9)
(539.9, 9743.1), (539.9, 9999.9)
(539.9, 9999.9), (604.8, 9999.9)
(540.1, 9742.9), (540.1, 9743.1)
(540.1, 9743.1), (539.9, 9743.1)
(604.8, 801.9), (605.1, 801.9)
(604.8, 9999.9), (604.8, 801.9)
(604.9, 802.1), (604.9, 9999.9)
(604.9, 9999.9), (606.8, 9999.9)
(605.1, 801.9), (605.1, 802.1)
(605.1, 802.1), (604.9, 802.1)
(606.8, 2231.9), (607.1, 2231.9)
(606.8, 9999.9), (606.8, 2231.9)
(606.9, 2232.1), (606.9, 9999.9)
(606.9, 9999.9), (696.8, 9999.9)
(607.1, 2231.9), (607.1, 2232.1)
(607.1, 2232.1), (606.9, 2232.1)
(696.8, 2449.9), (697.1, 2449.9)
(696.8, 9999.9), (696.8, 2449.9)
(696.9, 2450.1), (696.9, 9999.9)
(696.9, 9999.9), (717.8, 9999.9)
(697.1, 2449.9), (697.1, 2450.1)
(697.1, 2450.1), (696.9, 2450.1)
(717.8, 755.9), (718.1, 755.9)
(717.8, 9999.9), (717.8, 755.9)
(717.9, 756.1), (717.9, 9999.9)
(717.9, 9999.9), (736.8, 9999.9)
(718.1, 755.9), (718.1, 756.1)
(718.1, 756.1), (717.9, 756.1)
(736.8, 2534.9), (737.1, 2534.9)
(736.8, 9999.9), (736.8, 2534.9)
(736.9, 2535.1), (736.9, 9999.9)
(736.9, 9999.9), (766.8, 9999.9)
(737.1, 2534.9), (737.1, 2535.1)
(737.1, 2535.1), (736.9, 2535.1)
(766.8, 9742.9), (767.1, 9742.9)
(766.8, 9999.9), (766.8, 9742.9)
(766.9, 9743.1), (766.9, 9999.9)
(766.9, 9999.9), (780.8, 9999.9)
(767.1, 9742.9), (767.1, 9743.1)
(767.1, 9743.1), (766.9, 9743.1)
(780.8, 6890.9), (781.1, 6890.9)
(780.8, 9999.9), (780.8, 6890.9)
(780.9, 6891.1), (780.9, 9999.9)
(780.9, 9999.9), (845.8, 9999.9)
(781.1, 6890.9), (781.1, 6891.1)
(781.1, 6891.1), (780.9, 6891.1)
(845.8, 9931.9), (846.1, 9931.9)
(845.8, 9999.9), (845.8, 9931.9)
(845.9, 9932.1), (845.9, 9999.9)
(845.9, 9999.9), (969.8, 9999.9)
(846.1, 9931.9), (846.1, 9932.1)
(846.1, 9932.1), (845.9, 9932.1)
(969.8, 2691.9), (970.1, 2691.9)
(969.8, 9999.9), (969.8, 2691.9)
(969.9, 2692.1), (969.9, 9999.9)
(969.9, 9999.9), (1008.8, 9999.9)
(970.1, 2691.9), (970.1, 2692.1)
(970.1, 2692.1), (969.9, 2692.1)
(1008.8, 9194.9), (1009.1, 9194.9)
(1008.8, 9999.9), (1008.8, 9194.9)
(1008.9, 9195.1), (1008.9, 9999.9)
(1008.9, 9999.9), (1038.8, 9999.9)
(1009.1, 9194.9), (1009.1, 9195.1)
(1009.1, 9195.1), (1008.9, 9195.1)
(1038.8, 2569.9), (1039.1, 2569.9)
(1038.8, 9999.9), (1038.8, 2569.9)
(1038.9, 2570.1), (1038.9, 9999.9)
(1038.9, 9999.9), (1264.8, 9999.9)
(1039.1, 2569.9), (1039.1, 2570.1)
(1039.1, 2570.1), (1038.9, 2570.1)
(1264.8, 5762.9), (1265.1, 5762.9)
(1264.8, 9999.9), (1264.8, 5762.9)
(1264.9, 5763.1), (1264.9, 9999.9)
(1264.9, 9999.9), (1315.8, 9999.9)
(1265.1, 5762.9), (1265.1, 5763.1)
(1265.1, 5763.1), (1264.9, 5763.1)
(1315.8, 8676.9), (1316.1, 8676.9)
(1315.8, 9999.9), (1315.8, 8676.9)
(1315.9, 8677.1), (1315.9, 9999.9)
(1315.9, 9999.9), (1317.8, 9999.9)
(1316.1, 8676.9), (1316.1, 8677.1)
(1316.1, 8677.1), (1315.9, 8677.1)
(1317.8, 4150.9), (1318.1, 4150.9)
(1317.8, 9999.9), (1317.8, 4150.9)
(1317.9, 4151.1), (1317.9, 9999.9)
(1317.9, 9999.9), (1457.8, 9999.9)
(1318.1, 4150.9), (1318.1, 4151.1)
(1318.1, 4151.1), (1317.9, 4151.1)
(1457.8, 4325.9), (1458.1, 4325.9)
(1457.8, 9999.9), (1457.8, 4325.9)
(1457.9, 4326.1), (1457.9, 9999.9)
(1457.9, 9999.9), (1464.8, 9999.9)
(1458.1, 4325.9), (1458.1, 4326.1)
(1458.1, 4326.1), (1457.9, 4326.1)
(1464.8, 1275.9), (1465.1, 1275.9)
(1464.8, 9999.9), (1464.8, 1275.9)
(1464.9, 1276.1), (1464.9, 9999.9)
(1464.9, 9999.9), (1466.8, 9999.9)
(1465.1, 1275.9), (1465.1, 1276.1)
(1465.1, 1276.1), (1464.9, 1276.1)
(1466.8, 521.9), (1467.1, 521.9)
(1466.8, 9999.9), (1466.8, 521.9)
(1466.9, 522.1), (1466.9, 9999.9)
(1466.9, 9999.9), (1481.8, 9999.9)
(1467.1, 521.9), (1467.1, 522.1)
(1467.1, 522.1), (1466.9, 522.1)
(1481.8, 2132.9), (1482.1, 2132.9)
(1481.8, 9999.9), (1481.8, 2132.9)
(1481.9, 2133.1), (1481.9, 9999.9)
(1481.9, 9999.9), (1543.8, 9999.9)
(1482.1, 2132.9), (1482.1, 2133.1)
(1482.1, 2133.1), (1481.9, 2133.1)
(1543.8, 2097.9), (1544.1, 2097.9)
(1543.8, 9999.9), (1543.8, 2097.9)
(1543.9, 2098.1), (1543.9, 9999.9)
(1543.9, 9999.9), (1560.8, 9999.9)
(1544.1, 2097.9), (1544.1, 2098.1)
(1544.1, 2098.1), (1543.9, 2098.1)
(1560.8, 7093.9), (1561.1, 7093.9)
(1560.8, 9999.9), (1560.8, 7093.9)
(1560.9, 7094.1), (1560.9, 9999.9)
(1560.9, 9999.9), (1627.8, 9999.9)
(1561.1, 7093.9), (1561.1, 7094.1)
(1561.1, 7094.1), (1560.9, 7094.1)
(1627.8, 8517.9), (1628.1, 8517.9)
(1627.8, 9999.9), (1627.8, 8517.9)
(1627.9, 8518.1), (1627.9, 9999.9)
(1627.9, 9999.9), (1709.8, 9999.9)
(1628.1, 8517.9), (1628.1, 8518.1)
(1628.1, 8518.1), (1627.9, 8518.1)
(1709.8, 4464.9), (1710.1, 4464.9)
(1709.8, 9999.9), (1709.8, 4464.9)
(1709.9, 4465.1), (1709.9, 9999.9)
(1709.9, 9999.9), (1750.8, 9999.9)
(1710.1, 4464.9), (1710.1, 4465.1)
(1710.1, 4465.1), (1709.9, 4465.1)
(1750.8, 8652.9), (1751.1, 8652.9)
(1750.8, 9999.9), (1750.8, 8652.9)
(1750.9, 8653.1), (1750.9, 9999.9)
(1750.9, 9999.9), (1792.8, 9999.9)
(1751.1, 8652.9), (1751.1, 8653.1)
(1751.1, 8653.1), (1750.9, 8653.1)
(1792.8, 3519.9), (1793.1, 3519.9)
(1792.8, 9999.9), (1792.8, 3519.9)
(1792.9, 3520.1), (1792.9, 9999.9)
(1792.9, 9999.9), (1800.8, 9999.9)
(1793.1, 3519.9), (1793.1, 3520.1)
(1793.1, 3520.1), (1792.9, 3520.1)
(1800.8, 9927.9), (1801.1, 9927.9)
(1800.8, 9999.9), (1800.8, 9927.9)
(1800.9, 9928.1), (1800.9, 9999.9)
(1800.9, 9999.9), (1830.8, 9999.9)
(1801.1, 9927.9), (1801.1, 9928.1)
(1801.1, 9928.1), (1800.9, 9928.1)
(1830.8, 9850.9), (1831.1, 9850.9)
(1830.8, 9999.9), (1830.8, 9850.9)
(1830.9, 9851.1), (1830.9, 9999.9)
(1830.9, 9999.9), (1849.8, 9999.9)
(1831.1, 9850.9), (1831.1, 9851.1)
(1831.1, 9851.1), (1830.9, 9851.1)
(1849.8, 4650.9), (1850.1, 4650.9)
(1849.8, 9999.9), (1849.8, 4650.9)
(1849.9, 4651.1), (1849.9, 9999.9)
(1849.9, 9999.9), (1855.8, 9999.9)
(1850.1, 4650.9), (1850.1, 4651.1)
(1850.1, 4651.1), (1849.9, 4651.1)
(1855.8, 3670.9), (1856.1, 3670.9)
(1855.8, 9999.9), (1855.8, 3670.9)
(1855.9, 3671.1), (1855.9, 9999.9)
(1855.9, 9999.9), (1988.8, 9999.9)
(1856.1, 3670.9), (1856.1, 3671.1)
(1856.1, 3671.1), (1855.9, 3671.1)
(1988.8, 3774.9), (1989.1, 3774.9)
(1988.8, 9999.9), (1988.8, 3774.9)
(1988.9, 3775.1), (1988.9, 9999.9)
(1988.9, 9999.9), (2034.8, 9999.9)
(1989.1, 3774.9), (1989.1, 3775.1)
(1989.1, 3775.1), (1988.9, 3775.1)
(2034.8, 8117.9), (2035.1, 8117.9)
(2034.8, 9999.9), (2034.8, 8117.9)
(2034.9, 8118.1), (2034.9, 9999.9)
(2034.9, 9999.9), (2086.8, 9999.9)
(2035.1, 8117.9), (2035.1, 8118.1)
(2035.1, 8118.1), (2034.9, 8118.1)
(2086.8, 3926.9), (2087.1, 3926.9)
(2086.8, 9999.9), (2086.8, 3926.9)
(2086.9, 3927.1), (2086.9, 9999.9)
(2086.9, 9999.9), (2091.8, 9999.9)
(2087.1, 3926.9), (2087.1, 3927.1)
(2087.1, 3927.1), (2086.9, 3927.1)
(2091.8, 2234.9), (2092.1, 2234.9)
(2091.8, 9999.9), (2091.8, 2234.9)
(2091.9, 2235.1), (2091.9, 9999.9)
(2091.9, 9999.9), (2092.8, 9999.9)
(2092.1, 2234.9), (2092.1, 2235.1)
(2092.1, 2235.1), (2091.9, 2235.1)
(2092.8, 9697.9), (2093.1, 9697.9)
(2092.8, 9999.9), (2092.8, 9697.9)
(2092.9, 9698.1), (2092.9, 9999.9)
(2092.9, 9999.9), (2110.8, 9999.9)
(2093.1, 9697.9), (2093.1, 9698.1)
(2093.1, 9698.1), (2092.9, 9698.1)
(2110.8, 3945.9), (2111.1, 3945.9)
(2110.8, 9999.9), (2110.8, 3945.9)
(2110.9, 3946.1), (2110.9, 9999.9)
(2110.9, 9999.9), (2244.8, 9999.9)
(2111.1, 3945.9), (2111.1, 3946.1)
(2111.1, 3946.1), (2110.9, 3946.1)
(2244.8, 266.9), (2245.1, 266.9)
(2244.8, 9999.9), (2244.8, 266.9)
(2244.9, 267.1), (2244.9, 4819.9)
(2244.9, 4819.9), (2245.1, 4819.9)
(2244.9, 4820.1), (2244.9, 9999.9)
(2244.9, 9999.9), (2279.8, 9999.9)
(2245.1, 4819.9), (2245.1, 4820.1)
(2245.1, 4820.1), (2244.9, 4820.1)
(2245.1, 266.9), (2245.1, 267.1)
(2245.1, 267.1), (2244.9, 267.1)
(2279.8, 187.9), (2280.1, 187.9)
(2279.8, 9999.9), (2279.8, 187.9)
(2279.9, 188.1), (2279.9, 9999.9)
(2279.9, 9999.9), (2291.8, 9999.9)
(2280.1, 187.9), (2280.1, 188.1)
(2280.1, 188.1), (2279.9, 188.1)
(2291.8, 9768.9), (2292.1, 9768.9)
(2291.8, 9999.9), (2291.8, 9768.9)
(2291.9, 9769.1), (2291.9, 9999.9)
(2291.9, 9999.9), (2315.8, 9999.9)
(2292.1, 9768.9), (2292.1, 9769.1)
(2292.1, 9769.1), (2291.9, 9769.1)
(2315.8, 6062.9), (2316.1, 6062.9)
(2315.8, 9999.9), (2315.8, 6062.9)
(2315.9, 6063.1), (2315.9, 9999.9)
(2315.9, 9999.9), (2352.8, 9999.9)
(2316.1, 6062.9), (2316.1, 6063.1)
(2316.1, 6063.1), (2315.9, 6063.1)
(2352.8, 7212.9), (2353.1, 7212.9)
(2352.8, 9999.9), (2352.8, 7212.9)
(2352.9, 7213.1), (2352.9, 9999.9)
(2352.9, 9999.9), (2384.8, 9999.9)
(2353.1, 7212.9), (2353.1, 7213.1)
(2353.1, 7213.1), (2352.9, 7213.1)
(2384.8, 7965.9), (2385.1, 7965.9)
(2384.8, 9999.9), (2384.8, 7965.9)
(2384.9, 7966.1), (2384.9, 9999.9)
(2384.9, 9999.9), (2412.8, 9999.9)
(2385.1, 7965.9), (2385.1, 7966.1)
(2385.1, 7966.1), (2384.9, 7966.1)
(2412.8, 3561.9), (2413.1, 3561.9)
(2412.8, 9999.9), (2412.8, 3561.9)
(2412.9, 3562.1), (2412.9, 9999.9)
(2412.9, 9999.9), (2413.8, 9999.9)
(2413.1, 3561.9), (2413.1, 3562.1)
(2413.1, 3562.1), (2412.9, 3562.1)
(2413.8, 520.9), (2414.1, 520.9)
(2413.8, 9999.9), (2413.8, 520.9)
(2413.9, 521.1), (2413.9, 9999.9)
(2413.9, 9999.9), (2539.8, 9999.9)
(2414.1, 520.9), (2414.1, 521.1)
(2414.1, 521.1), (2413.9, 521.1)
(2539.8, 1089.9), (2540.1, 1089.9)
(2539.8, 9999.9), (2539.8, 1089.9)
(2539.9, 1090.1), (2539.9, 9999.9)
(2539.9, 9999.9), (2614.8, 9999.9)
(2540.1, 1089.9), (2540.1, 1090.1)
(2540.1, 1090.1), (2539.9, 1090.1)
(2614.8, 664.9), (2615.1, 664.9)
(2614.8, 9999.9), (2614.8, 664.9)
(2614.9, 665.1), (2614.9, 9999.9)
(2614.9, 9999.9), (2662.8, 9999.9)
(2615.1, 664.9), (2615.1, 665.1)
(2615.1, 665.1), (2614.9, 665.1)
(2662.8, 469.9), (2663.1, 469.9)
(2662.8, 9999.9), (2662.8, 469.9)
(2662.9, 470.1), (2662.9, 9999.9)
(2662.9, 9999.9), (2792.8, 9999.9)
(2663.1, 469.9), (2663.1, 470.1)
(2663.1, 470.1), (2662.9, 470.1)
(2792.8, 964.9), (2793.1, 964.9)
(2792.8, 9999.9), (2792.8, 964.9)
(2792.9, 965.1), (2792.9, 9999.9)
(2792.9, 9999.9), (2804.8, 9999.9)
(2793.1, 964.9), (2793.1, 965.1)
(2793.1, 965.1), (2792.9, 965.1)
(2804.8, 7378.9), (2805.1, 7378.9)
(2804.8, 9999.9), (2804.8, 7378.9)
(2804.9, 7379.1), (2804.9, 9999.9)
(2804.9, 9999.9), (3200.8, 9999.9)
(2805.1, 7378.9), (2805.1, 7379.1)
(2805.1, 7379.1), (2804.9, 7379.1)
(3200.8, 946.9), (3201.1, 946.9)
(3200.8, 9999.9), (3200.8, 946.9)
(3200.9, 947.1), (3200.9, 9999.9)
(3200.9, 9999.9), (3280.8, 9999.9)
(3201.1, 946.9), (3201.1, 947.1)
(3201.1, 947.1), (3200.9, 947.1)
(3280.8, 4335.9), (3281.1, 4335.9)
(3280.8, 9999.9), (3280.8, 4335.9)
(3280.9, 4336.1), (3280.9, 9999.9)
(3280.9, 9999.9), (3300.8, 9999.9)
(3281.1, 4335.9), (3281.1, 4336.1)
(3281.1, 4336.1), (3280.9, 4336.1)
(3300.8, 6938.9), (3301.1, 6938.9)
(3300.8, 9999.9), (3300.8, 6938.9)
(3300.9, 6939.1), (3300.9, 9999.9)
(3300.9, 9999.9), (3376.8, 9999.9)
(3301.1, 6938.9), (3301.1, 6939.1)
(3301.1, 6939.1), (3300.9, 6939.1)
(3376.8, 3471.9), (3377.1, 3471.9)
(3376.8, 9999.9), (3376.8, 3471.9)
(3376.9, 3472.1), (3376.9, 9999.9)
(3376.9, 9999.9), (3467.8, 9999.9)
(3377.1, 3471.9), (3377.1, 3472.1)
(3377.1, 3472.1), (3376.9, 3472.1)
(3467.8, 1577.9), (3468.1, 1577.9)
(3467.8, 9999.9), (3467.8, 1577.9)
(3467.9, 1578.1), (3467.9, 9999.9)
(3467.9, 9999.9), (3505.8, 9999.9)
(3468.1, 1577.9), (3468.1, 1578.1)
(3468.1, 1578.1), (3467.9, 1578.1)
(3505.8, 4020.9), (3506.1, 4020.9)
(3505.8, 9999.9), (3505.8, 4020.9)
(3505.9, 4021.1), (3505.9, 9999.9)
(3505.9, 9999.9), (3561.8, 9999.9)
(3506.1, 4020.9), (3506.1, 4021.1)
(3506.1, 4021.1), (3505.9, 4021.1)
(3561.8, 302.9), (3562.1, 302.9)
(3561.8, 9999.9), (3561.8, 302.9)
(3561.9, 303.1), (3561.9, 9999.9)
(3561.9, 9999.9), (3568.8, 9999.9)
(3562.1, 302.9), (3562.1, 303.1)
(3562.1, 303.1), (3561.9, 303.1)
(3568.8, 6235.9), (3569.1, 6235.9)
(3568.8, 9999.9), (3568.8, 6235.9)
(3568.9, 6236.1), (3568.9, 9999.9)
(3568.9, 9999.9), (3857.8, 9999.9)
(3569.1, 6235.9), (3569.1, 6236.1)
(3569.1, 6236.1), (3568.9, 6236.1)
(3857.8, 9123.9), (3858.1, 9123.9)
(3857.8, 9999.9), (3857.8, 9123.9)
(3857.9, 9124.1), (3857.9, 9999.9)
(3857.9, 9999.9), (3909.8, 9999.9)
(3858.1, 9123.9), (3858.1, 9124.1)
(3858.1, 9124.1), (3857.9, 9124.1)
(3909.8, 1162.9), (3910.1, 1162.9)
(3909.8, 9999.9), (3909.8, 1162.9)
(3909.9, 1163.1), (3909.9, 9999.9)
(3909.9, 9999.9), (3924.8, 9999.9)
(3910.1, 1162.9), (3910.1, 1163.1)
(3910.1, 1163.1), (3909.9, 1163.1)
(3924.8, 8394.9), (3925.1, 8394.9)
(3924.8, 9999.9), (3924.8, 8394.9)
(3924.9, 8395.1), (3924.9, 9999.9)
(3924.9, 9999.9), (3929.8, 9999.9)
(3925.1, 8394.9), (3925.1, 8395.1)
(3925.1, 8395.1), (3924.9, 8395.1)
(3929.8, 7100.9), (3930.1, 7100.9)
(3929.8, 9999.9), (3929.8, 7100.9)
(3929.9, 7101.1), (3929.9, 8163.9)
(3929.9, 8163.9), (3930.1, 8163.9)
(3929.9, 8164.1), (3929.9, 9999.9)
(3929.9, 9999.9), (4010.8, 9999.9)
(3930.1, 8163.9), (3930.1, 8164.1)
(3930.1, 8164.1), (3929.9, 8164.1)
(3930.1, 7100.9), (3930.1, 7101.1)
(3930.1, 7101.1), (3929.9, 7101.1)
(4010.8, 2806.9), (4011.1, 2806.9)
(4010.8, 9999.9), (4010.8, 2806.9)
(4010.9, 2807.1), (4010.9, 9999.9)
(4010.9, 9999.9), (4068.8, 9999.9)
(4011.1, 2806.9), (4011.1, 2807.1)
(4011.1, 2807.1), (4010.9, 2807.1)
(4068.8, 1163.9), (4069.1, 1163.9)
(4068.8, 9999.9), (4068.8, 1163.9)
(4068.9, 1164.1), (4068.9, 9999.9)
(4068.9, 9999.9), (4094.8, 9999.9)
(4069.1, 1163.9), (4069.1, 1164.1)
(4069.1, 1164.1), (4068.9, 1164.1)
(4094.8, 6433.9), (4095.1, 6433.9)
(4094.8, 9999.9), (4094.8, 6433.9)
(4094.9, 6434.1), (4094.9, 9999.9)
(4094.9, 9999.9), (4133.8, 9999.9)
(4095.1, 6433.9), (4095.1, 6434.1)
(4095.1, 6434.1), (4094.9, 6434.1)
(4133.8, 7950.9), (4134.1, 7950.9)
(4133.8, 9999.9), (4133.8, 7950.9)
(4133.9, 7951.1), (4133.9, 9999.9)
(4133.9, 9999.9), (4149.8, 9999.9)
(4134.1, 7950.9), (4134.1, 7951.1)
(4134.1, 7951.1), (4133.9, 7951.1)
(4149.8, 2864.9), (4150.1, 2864.9)
(4149.8, 9999.9), (4149.8, 2864.9)
(4149.9, 2865.1), (4149.9, 9999.9)
(4149.9, 9999.9), (4278.8, 9999.9)
(4150.1, 2864.9), (4150.1, 2865.1)
(4150.1, 2865.1), (4149.9, 2865.1)
(4278.8, 3581.9), (4279.1, 3581.9)
(4278.8, 9999.9), (4278.8, 3581.9)
(4278.9, 3582.1), (4278.9, 9999.9)
(4278.9, 9999.9), (4637.8, 9999.9)
(4279.1, 3581.9), (4279.1, 3582.1)
(4279.1, 3582.1), (4278.9, 3582.1)
(4637.8, 7276.9), (4638.1, 7276.9)
(4637.8, 9999.9), (4637.8, 7276.9)
(4637.9, 7277.1), (4637.9, 9999.9)
(4637.9, 9999.9), (4865.8, 9999.9)
(4638.1, 7276.9), (4638.1, 7277.1)
(4638.1, 7277.1), (4637.9, 7277.1)
(4865.8, 8725.9), (4866.1, 8725.9)
(4865.8, 9999.9), (4865.8, 8725.9)
(4865.9, 8726.1), (4865.9, 9999.9)
(4865.9, 9999.9), (5003.8, 9999.9)
(4866.1, 8725.9), (4866.1, 8726.1)
(4866.1, 8726.1), (4865.9, 8726.1)
(5003.8, 2244.9), (5004.1, 2244.9)
(5003.8, 9999.9), (5003.8, 2244.9)
(5003.9, 2245.1), (5003.9, 8006.9)
(5003.9, 8006.9), (5004.1, 8006.9)
(5003.9, 8007.1), (5003.9, 9999.9)
(5003.9, 9999.9), (5098.8, 9999.9)
(5004.1, 2244.9), (5004.1, 2245.1)
(5004.1, 2245.1), (5003.9, 2245.1)
(5004.1, 8006.9), (5004.1, 8007.1)
(5004.1, 8007.1), (5003.9, 8007.1)
(5098.8, 4398.9), (5099.1, 4398.9)
(5098.8, 9999.9), (5098.8, 4398.9)
(5098.9, 4399.1), (5098.9, 9999.9)
(5098.9, 9999.9), (5194.8, 9999.9)
(5099.1, 4398.9), (5099.1, 4399.1)
(5099.1, 4399.1), (5098.9, 4399.1)
(5194.8, 7659.9), (5195.1, 7659.9)
(5194.8, 9999.9), (5194.8, 7659.9)
(5194.9, 7660.1), (5194.9, 9999.9)
(5194.9, 9999.9), (5252.8, 9999.9)
(5195.1, 7659.9), (5195.1, 7660.1)
(5195.1, 7660.1), (5194.9, 7660.1)
(5252.8, 2265.9), (5253.1, 2265.9)
(5252.8, 9999.9), (5252.8, 2265.9)
(5252.9, 2266.1), (5252.9, 9999.9)
(5252.9, 9999.9), (5308.8, 9999.9)
(5253.1, 2265.9), (5253.1, 2266.1)
(5253.1, 2266.1), (5252.9, 2266.1)
(5308.8, 9486.9), (5309.1, 9486.9)
(5308.8, 9999.9), (5308.8, 9486.9)
(5308.9, 9487.1), (5308.9, 9999.9)
(5308.9, 9999.9), (5314.8, 9999.9)
(5309.1, 9486.9), (5309.1, 9487.1)
(5309.1, 9487.1), (5308.9, 9487.1)
(5314.8, 7431.9), (5315.1, 7431.9)
(5314.8, 9999.9), (5314.8, 7431.9)
(5314.9, 7432.1), (5314.9, 9999.9)
(5314.9, 9999.9), (5383.8, 9999.9)
(5315.1, 7431.9), (5315.1, 7432.1)
(5315.1, 7432.1), (5314.9, 7432.1)
(5383.8, 7664.9), (5384.1, 7664.9)
(5383.8, 9999.9), (5383.8, 7664.9)
(5383.9, 7665.1), (5383.9, 9999.9)
(5383.9, 9999.9), (5394.8, 9999.9)
(5384.1, 7664.9), (5384.1, 7665.1)
(5384.1, 7665.1), (5383.9, 7665.1)
(5394.8, 945.9), (5395.1, 945.9)
(5394.8, 9999.9), (5394.8, 945.9)
(5394.9, 946.1), (5394.9, 9999.9)
(5394.9, 9999.9), (5418.8, 9999.9)
(5395.1, 945.9), (5395.1, 946.1)
(5395.1, 946.1), (5394.9, 946.1)
(5418.8, 3316.9), (5419.1, 3316.9)
(5418.8, 9999.9), (5418.8, 3316.9)
(5418.9, 3317.1), (5418.9, 9999.9)
(5418.9, 9999.9), (5568.8, 9999.9)
(5419.1, 3316.9), (5419.1, 3317.1)
(5419.1, 3317.1), (5418.9, 3317.1)
(5568.8, 2172.9), (5569.1, 2172.9)
(5568.8, 9999.9), (5568.8, 2172.9)
(5568.9, 2173.1), (5568.9, 9999.9)
(5568.9, 9999.9), (5652.8, 9999.9)
(5569.1, 2172.9), (5569.1, 2173.1)
(5569.1, 2173.1), (5568.9, 2173.1)
(5652.8, 2466.9), (5653.1, 2466.9)
(5652.8, 9999.9), (5652.8, 2466.9)
(5652.9, 2467.1), (5652.9, 9999.9)
(5652.9, 9999.9), (5673.8, 9999.9)
(5653.1, 2466.9), (5653.1, 2467.1)
(5653.1, 2467.1), (5652.9, 2467.1)
(5673.8, 8223.9), (5674.1, 8223.9)
(5673.8, 9999.9), (5673.8, 8223.9)
(5673.9, 8224.1), (5673.9, 9999.9)
(5673.9, 9999.9), (5733.8, 9999.9)
(5674.1, 8223.9), (5674.1, 8224.1)
(5674.1, 8224.1), (5673.9, 8224.1)
(5733.8, 3217.9), (5734.1, 3217.9)
(5733.8, 9999.9), (5733.8, 3217.9)
(5733.9, 3218.1), (5733.9, 9999.9)
(5733.9, 9999.9), (5807.8, 9999.9)
(5734.1, 3217.9), (5734.1, 3218.1)
(5734.1, 3218.1), (5733.9, 3218.1)
(5807.8, 7986.9), (5808.1, 7986.9)
(5807.8, 9999.9), (5807.8, 7986.9)
(5807.9, 7987.1), (5807.9, 9999.9)
(5807.9, 9999.9), (5826.8, 9999.9)
(5808.1, 7986.9), (5808.1, 7987.1)
(5808.1, 7987.1), (5807.9, 7987.1)
(5826.8, 1321.9), (5827.1, 1321.9)
(5826.8, 9999.9), (5826.8, 1321.9)
(5826.9, 1322.1), (5826.9, 9999.9)
(5826.9, 9999.9), (5912.8, 9999.9)
(5827.1, 1321.9), (5827.1, 1322.1)
(5827.1, 1322.1), (5826.9, 1322.1)
(5912.8, 3748.9), (5913.1, 3748.9)
(5912.8, 9999.9), (5912.8, 3748.9)
(5912.9, 3749.1), (5912.9, 9999.9)
(5912.9, 9999.9), (5980.8, 9999.9)
(5913.1, 3748.9), (5913.1, 3749.1)
(5913.1, 3749.1), (5912.9, 3749.1)
(5980.8, 1496.9), (5981.1, 1496.9)
(5980.8, 9999.9), (5980.8, 1496.9)
(5980.9, 1497.1), (5980.9, 9999.9)
(5980.9, 9999.9), (6069.8, 9999.9)
(5981.1, 1496.9), (5981.1, 1497.1)
(5981.1, 1497.1), (5980.9, 1497.1)
(6069.8, 636.9), (6070.1, 636.9)
(6069.8, 9999.9), (6069.8, 636.9)
(6069.9, 637.1), (6069.9, 9999.9)
(6069.9, 9999.9), (6100.8, 9999.9)
(6070.1, 636.9), (6070.1, 637.1)
(6070.1, 637.1), (6069.9, 637.1)
(6100.8, 1517.9), (6101.1, 1517.9)
(6100.8, 9999.9), (6100.8, 1517.9)
(6100.9, 1518.1), (6100.9, 9999.9)
(6100.9, 9999.9), (6127.8, 9999.9)
(6101.1, 1517.9), (6101.1, 1518.1)
(6101.1, 1518.1), (6100.9, 1518.1)
(6127.8, 7096.9), (6128.1, 7096.9)
(6127.8, 9999.9), (6127.8, 7096.9)
(6127.9, 7097.1), (6127.9, 9999.9)
(6127.9, 9999.9), (6176.8, 9999.9)
(6128.1, 7096.9), (6128.1, 7097.1)
(6128.1, 7097.1), (6127.9, 7097.1)
(6176.8, 2047.9), (6177.1, 2047.9)
(6176.8, 9999.9), (6176.8, 2047.9)
(6176.9, 2048.1), (6176.9, 9999.9)
(6176.9, 9999.9), (6338.8, 9999.9)
(6177.1, 2047.9), (6177.1, 2048.1)
(6177.1, 2048.1), (6176.9, 2048.1)
(6338.8, 7264.9), (6339.1, 7264.9)
(6338.8, 9999.9), (6338.8, 7264.9)
(6338.9, 7265.1), (6338.9, 9999.9)
(6338.9, 9999.9), (6364.8, 9999.9)
(6339.1, 7264.9), (6339.1, 7265.1)
(6339.1, 7265.1), (6338.9, 7265.1)
(6364.8, 1330.9), (6365.1, 1330.9)
(6364.8, 9999.9), (6364.8, 1330.9)
(6364.9, 1331.1), (6364.9, 9999.9)
(6364.9, 9999.9), (6560.8, 9999.9)
(6365.1, 1330.9), (6365.1, 1331.1)
(6365.1, 1331.1), (6364.9, 1331.1)
(6560.8, 9531.9), (6561.1, 9531.9)
(6560.8, 9999.9), (6560.8, 9531.9)
(6560.9, 9532.1), (6560.9, 9999.9)
(6560.9, 9999.9), (6942.8, 9999.9)
(6561.1, 9531.9), (6561.1, 9532.1)
(6561.1, 9532.1), (6560.9, 9532.1)
(6942.8, 7798.9), (6943.1, 7798.9)
(6942.8, 9999.9), (6942.8, 7798.9)
(6942.9, 7799.1), (6942.9, 9999.9)
(6942.9, 9999.9), (6978.8, 9999.9)
(6943.1, 7798.9), (6943.1, 7799.1)
(6943.1, 7799.1), (6942.9, 7799.1)
(6978.8, 2041.9), (6979.1, 2041.9)
(6978.8, 9999.9), (6978.8, 2041.9)
(6978.9, 2042.1), (6978.9, 9999.9)
(6978.9, 9999.9), (7101.8, 9999.9)
(6979.1, 2041.9), (6979.1, 2042.1)
(6979.1, 2042.1), (6978.9, 2042.1)
(7101.8, 612.9), (7102.1, 612.9)
(7101.8, 9999.9), (7101.8, 612.9)
(7101.9, 613.1), (7101.9, 9999.9)
(7101.9, 9999.9), (7167.8, 9999.9)
(7102.1, 612.9), (7102.1, 613.1)
(7102.1, 613.1), (7101.9, 613.1)
(7167.8, 3091.9), (7168.1, 3091.9)
(7167.8, 9999.9), (7167.8, 3091.9)
(7167.9, 3092.1), (7167.9, 9999.9)
(7167.9, 9999.9), (7297.8, 9999.9)
(7168.1, 3091.9), (7168.1, 3092.1)
(7168.1, 3092.1), (7167.9, 3092.1)
(7297.8, 1890.9), (7298.1, 1890.9)
(7297.8, 9999.9), (7297.8, 1890.9)
(7297.9, 1891.1), (7297.9, 9999.9)
(7297.9, 9999.9), (7299.8, 9999.9)
(7298.1, 1890.9), (7298.1, 1891.1)
(7298.1, 1891.1), (7297.9, 1891.1)
(7299.8, 524.9), (7300.1, 524.9)
(7299.8, 9999.9), (7299.8, 524.9)
(7299.9, 525.1), (7299.9, 9999.9)
(7299.9, 9999.9), (7308.8, 9999.9)
(7300.1, 524.9), (7300.1, 525.1)
(7300.1, 525.1), (7299.9, 525.1)
(7308.8, 7615.9), (7309.1, 7615.9)
(7308.8, 9999.9), (7308.8, 7615.9)
(7308.9, 7616.1), (7308.9, 9999.9)
(7308.9, 9999.9), (7335.8, 9999.9)
(7309.1, 7615.9), (7309.1, 7616.1)
(7309.1, 7616.1), (7308.9, 7616.1)
(7335.8, 2695.9), (7336.1, 2695.9)
(7335.8, 9999.9), (7335.8, 2695.9)
(7335.9, 2696.1), (7335.9, 9999.9)
(7335.9, 9999.9), (7357.8, 9999.9)
(7336.1, 2695.9), (7336.1, 2696.1)
(7336.1, 2696.1), (7335.9, 2696.1)
(7357.8, 2322.9), (7358.1, 2322.9)
(7357.8, 9999.9), (7357.8, 2322.9)
(7357.9, 2323.1), (7357.9, 9999.9)
(7357.9, 9999.9), (7381.8, 9999.9)
(7358.1, 2322.9), (7358.1, 2323.1)
(7358.1, 2323.1), (7357.9, 2323.1)
(7381.8, 2646.9), (7382.1, 2646.9)
(7381.8, 9999.9), (7381.8, 2646.9)
(7381.9, 2647.1), (7381.9, 9999.9)
(7381.9, 9999.9), (7478.8, 9999.9)
(7382.1, 2646.9), (7382.1, 2647.1)
(7382.1, 2647.1), (7381.9, 2647.1)
(7478.8, 5018.9), (7479.1, 5018.9)
(7478.8, 9999.9), (7478.8, 5018.9)
(7478.9, 5019.1), (7478.9, 9999.9)
(7478.9, 9999.9), (7516.8, 9999.9)
(7479.1, 5018.9), (7479.1, 5019.1)
(7479.1, 5019.1), (7478.9, 5019.1)
(7516.8, 2684.9), (7517.1, 2684.9)
(7516.8, 9999.9), (7516.8, 2684.9)
(7516.9, 2685.1), (7516.9, 9999.9)
(7516.9, 9999.9), (7562.8, 9999.9)
(7517.1, 2684.9), (7517.1, 2685.1)
(7517.1, 2685.1), (7516.9, 2685.1)
(7562.8, 4036.9), (7563.1, 4036.9)
(7562.8, 9999.9), (7562.8, 4036.9)
(7562.9, 4037.1), (7562.9, 9999.9)
(7562.9, 9999.9), (7582.8, 9999.9)
(7563.1, 4036.9), (7563.1, 4037.1)
(7563.1, 4037.1), (7562.9, 4037.1)
(7582.8, 8451.9), (7583.1, 8451.9)
(7582.8, 9999.9), (7582.8, 8451.9)
(7582.9, 8452.1), (7582.9, 9999.9)
(7582.9, 9999.9), (7646.8, 9999.9)
(7583.1, 8451.9), (7583.1, 8452.1)
(7583.1, 8452.1), (7582.9, 8452.1)
(7646.8, 679.9), (7647.1, 679.9)
(7646.8, 9999.9), (7646.8, 679.9)
(7646.9, 680.1), (7646.9, 9999.9)
(7646.9, 9999.9), (7654.8, 9999.9)
(7647.1, 679.9), (7647.1, 680.1)
(7647.1, 680.1), (7646.9, 680.1)
(7654.8, 4663.9), (7655.1, 4663.9)
(7654.8, 9999.9), (7654.8, 4663.9)
(7654.9, 4664.1), (7654.9, 9999.9)
(7654.9, 9999.9), (7696.8, 9999.9)
(7655.1, 4663.9), (7655.1, 4664.1)
(7655.1, 4664.1), (7654.9, 4664.1)
(7696.8, 9948.9), (7697.1, 9948.9)
(7696.8, 9999.9), (7696.8, 9948.9)
(7696.9, 9949.1), (7696.9, 9999.9)
(7696.9, 9999.9), (7753.8, 9999.9)
(7697.1, 9948.9), (7697.1, 9949.1)
(7697.1, 9949.1), (7696.9, 9949.1)
(7753.8, 4029.9), (7754.1, 4029.9)
(7753.8, 9999.9), (7753.8, 4029.9)
(7753.9, 4030.1), (7753.9, 9999.9)
(7753.9, 9999.9), (7842.8, 9999.9)
(7754.1, 4029.9), (7754.1, 4030.1)
(7754.1, 4030.1), (7753.9, 4030.1)
(7842.8, 2679.9), (7843.1, 2679.9)
(7842.8, 9999.9), (7842.8, 2679.9)
(7842.9, 2680.1), (7842.9, 9999.9)
(7842.9, 9999.9), (7854.8, 9999.9)
(7843.1, 2679.9), (7843.1, 2680.1)
(7843.1, 2680.1), (7842.9, 2680.1)
(7854.8, 4518.9), (7855.1, 4518.9)
(7854.8, 9999.9), (7854.8, 4518.9)
(7854.9, 4519.1), (7854.9, 9999.9)
(7854.9, 9999.9), (7984.8, 9999.9)
(7855.1, 4518.9), (7855.1, 4519.1)
(7855.1, 4519.1), (7854.9, 4519.1)
(7984.8, 4391.9), (7985.1, 4391.9)
(7984.8, 9999.9), (7984.8, 4391.9)
(7984.9, 4392.1), (7984.9, 9999.9)
(7984.9, 9999.9), (7995.8, 9999.9)
(7985.1, 4391.9), (7985.1, 4392.1)
(7985.1, 4392.1), (7984.9, 4392.1)
(7995.8, 7023.9), (7996.1, 7023.9)
(7995.8, 9999.9), (7995.8, 7023.9)
(7995.9, 7024.1), (7995.9, 9999.9)
(7995.9, 9999.9), (8153.8, 9999.9)
(7996.1, 7023.9), (7996.1, 7024.1)
(7996.1, 7024.1), (7995.9, 7024.1)
(8153.8, 3910.9), (8154.1, 3910.9)
(8153.8, 9999.9), (8153.8, 3910.9)
(8153.9, 3911.1), (8153.9, 9999.9)
(8153.9, 9999.9), (8162.8, 9999.9)
(8154.1, 3910.9), (8154.1, 3911.1)
(8154.1, 3911.1), (8153.9, 3911.1)
(8162.8, 4398.9), (8163.1, 4398.9)
(8162.8, 9999.9), (8162.8, 4398.9)
(8162.9, 4399.1), (8162.9, 9999.9)
(8162.9, 9999.9), (8193.8, 9999.9)
(8163.1, 4398.9), (8163.1, 4399.1)
(8163.1, 4399.1), (8162.9, 4399.1)
(8193.8, 8987.9), (8194.1, 8987.9)
(8193.8, 9999.9), (8193.8, 8987.9)
(8193.9, 8988.1), (8193.9, 9999.9)
(8193.9, 9999.9), (8254.8, 9999.9)
(8194.1, 8987.9), (8194.1, 8988.1)
(8194.1, 8988.1), (8193.9, 8988.1)
(8254.8, 675.9), (8255.1, 675.9)
(8254.8, 9999.9), (8254.8, 675.9)
(8254.9, 676.1), (8254.9, 9999.9)
(8254.9, 9999.9), (8350.8, 9999.9)
(8255.1, 675.9), (8255.1, 676.1)
(8255.1, 676.1), (8254.9, 676.1)
(8350.8, 8919.9), (8351.1, 8919.9)
(8350.8, 9999.9), (8350.8, 8919.9)
(8350.9, 8920.1), (8350.9, 9999.9)
(8350.9, 9999.9), (8360.8, 9999.9)
(8351.1, 8919.9), (8351.1, 8920.1)
(8351.1, 8920.1), (8350.9, 8920.1)
(8360.8, 8982.9), (8361.1, 8982.9)
(8360.8, 9999.9), (8360.8, 8982.9)
(8360.9, 8983.1), (8360.9, 9999.9)
(8360.9, 9999.9), (8362.8, 9999.9)
(8361.1, 8982.9), (8361.1, 8983.1)
(8361.1, 8983.1), (8360.9, 8983.1)
(8362.8, 6871.9), (8363.1, 6871.9)
(8362.8, 9999.9), (8362.8, 6871.9)
(8362.9, 6872.1), (8362.9, 9999.9)
(8362.9, 9999.9), (8367.8, 9999.9)
(8363.1, 6871.9), (8363.1, 6872.1)
(8363.1, 6872.1), (8362.9, 6872.1)
(8367.8, 174.9), (8368.1, 174.9)
(8367.8, 9999.9), (8367.8, 174.9)
(8367.9, 175.1), (8367.9, 9999.9)
(8367.9, 9999.9), (8393.8, 9999.9)
(8368.1, 174.9), (8368.1, 175.1)
(8368.1, 175.1), (8367.9, 175.1)
(8393.8, 6591.9), (8394.1, 6591.9)
(8393.8, 9999.9), (8393.8, 6591.9)
(8393.9, 6592.1), (8393.9, 9999.9)
(8393.9, 9999.9), (8461.8, 9999.9)
(8394.1, 6591.9), (8394.1, 6592.1)
(8394.1, 6592.1), (8393.9, 6592.1)
(8461.8, 2041.9), (8462.1, 2041.9)
(8461.8, 9999.9), (8461.8, 2041.9)
(8461.9, 2042.1), (8461.9, 9999.9)
(8461.9, 9999.9), (8476.8, 9999.9)
(8462.1, 2041.9), (8462.1, 2042.1)
(8462.1, 2042.1), (8461.9, 2042.1)
(8476.8, 5429.9), (8477.1, 5429.9)
(8476.8, 9999.9), (8476.8, 5429.9)
(8476.9, 5430.1), (8476.9, 9999.9)
(8476.9, 9999.9), (8486.8, 9999.9)
(8477.1, 5429.9), (8477.1, 5430.1)
(8477.1, 5430.1), (8476.9, 5430.1)
(8486.8, 4263.9), (8487.1, 4263.9)
(8486.8, 9999.9), (8486.8, 4263.9)
(8486.9, 4264.1), (8486.9, 9999.9)
(8486.9, 9999.9), (8505.8, 9999.9)
(8487.1, 4263.9), (8487.1, 4264.1)
(8487.1, 4264.1), (8486.9, 4264.1)
(8505.8, 1978.9), (8506.1, 1978.9)
(8505.8, 9999.9), (8505.8, 1978.9)
(8505.9, 1979.1), (8505.9, 9999.9)
(8505.9, 9999.9), (8554.8, 9999.9)
(8506.1, 1978.9), (8506.1, 1979.1)
(8506.1, 1979.1), (8505.9, 1979.1)
(8554.8, 5318.9), (8555.1, 5318.9)
(8554.8, 9999.9), (8554.8, 5318.9)
(8554.9, 5319.1), (8554.9, 9999.9)
(8554.9, 9999.9), (8563.8, 9999.9)
(8555.1, 5318.9), (8555.1, 5319.1)
(8555.1, 5319.1), (8554.9, 5319.1)
(8563.8, 2933.9), (8564.1, 2933.9)
(8563.8, 9999.9), (8563.8, 2933.9)
(8563.9, 2934.1), (8563.9, 9999.9)
(8563.9, 9999.9), (8689.8, 9999.9)
(8564.1, 2933.9), (8564.1, 2934.1)
(8564.1, 2934.1), (8563.9, 2934.1)
(8689.8, 8288.9), (8690.1, 8288.9)
(8689.8, 9999.9), (8689.8, 8288.9)
(8689.9, 8289.1), (8689.9, 9999.9)
(8689.9, 9999.9), (8696.8, 9999.9)
(8690.1, 8288.9), (8690.1, 8289.1)
(8690.1, 8289.1), (8689.9, 8289.1)
(8696.8, 858.9), (8697.1, 858.9)
(8696.8, 9999.9), (8696.8, 858.9)
(8696.9, 859.1), (8696.9, 9999.9)
(8696.9, 9999.9), (8747.8, 9999.9)
(8697.1, 858.9), (8697.1, 859.1)
(8697.1, 859.1), (8696.9, 859.1)
(8747.8, 1487.9), (8748.1, 1487.9)
(8747.8, 9999.9), (8747.8, 1487.9)
(8747.9, 1488.1), (8747.9, 9999.9)
(8747.9, 9999.9), (8765.8, 9999.9)
(8748.1, 1487.9), (8748.1, 1488.1)
(8748.1, 1488.1), (8747.9, 1488.1)
(8765.8, 2970.9), (8766.1, 2970.9)
(8765.8, 9999.9), (8765.8, 2970.9)
(8765.9, 2971.1), (8765.9, 9999.9)
(8765.9, 9999.9), (8811.8, 9999.9)
(8766.1, 2970.9), (8766.1, 2971.1)
(8766.1, 2971.1), (8765.9, 2971.1)
(8811.8, 6926.9), (8812.1, 6926.9)
(8811.8, 9999.9), (8811.8, 6926.9)
(8811.9, 6927.1), (8811.9, 9999.9)
(8811.9, 9999.9), (8824.8, 9999.9)
(8812.1, 6926.9), (8812.1, 6927.1)
(8812.1, 6927.1), (8811.9, 6927.1)
(8824.8, 3781.9), (8825.1, 3781.9)
(8824.8, 9999.9), (8824.8, 3781.9)
(8824.9, 3782.1), (8824.9, 9999.9)
(8824.9, 9999.9), (8879.8, 9999.9)
(8825.1, 3781.9), (8825.1, 3782.1)
(8825.1, 3782.1), (8824.9, 3782.1)
(8879.8, 2538.9), (8880.1, 2538.9)
(8879.8, 9999.9), (8879.8, 2538.9)
(8879.9, 2539.1), (8879.9, 9999.9)
(8879.9, 9999.9), (9069.8, 9999.9)
(8880.1, 2538.9), (8880.1, 2539.1)
(8880.1, 2539.1), (8879.9, 2539.1)
(9069.8, 1071.9), (9070.1, 1071.9)
(9069.8, 9999.9), (9069.8, 1071.9)
(9069.9, 1072.1), (9069.9, 9999.9)
(9069.9, 9999.9), (9267.8, 9999.9)
(9070.1, 1071.9), (9070.1, 1072.1)
(9070.1, 1072.1), (9069.9, 1072.1)
(9267.8, 366.9), (9268.1, 366.9)
(9267.8, 9999.9), (9267.8, 366.9)
(9267.9, 367.1), (9267.9, 9999.9)
(9267.9, 9999.9), (9272.8, 9999.9)
(9268.1, 366.9), (9268.1, 367.1)
(9268.1, 367.1), (9267.9, 367.1)
(9272.8, 7299.9), (9273.1, 7299.9)
(9272.8, 9999.9), (9272.8, 7299.9)
(9272.9, 7300.1), (9272.9, 9999.9)
(9272.9, 9999.9), (9463.8, 9999.9)
(9273.1, 7299.9), (9273.1, 7300.1)
(9273.1, 7300.1), (9272.9, 7300.1)
(9463.8, 872.9), (9464.1, 872.9)
(9463.8, 9999.9), (9463.8, 872.9)
(9463.9, 873.1), (9463.9, 9999.9)
(9463.9, 9999.9), (9515.8, 9999.9)
(9464.1, 872.9), (9464.1, 873.1)
(9464.1, 873.1), (9463.9, 873.1)
(9515.8, 7950.9), (9516.1, 7950.9)
(9515.8, 9999.9), (9515.8, 7950.9)
(9515.9, 7951.1), (9515.9, 9999.9)
(9515.9, 9999.9), (9545.8, 9999.9)
(9516.1, 7950.9), (9516.1, 7951.1)
(9516.1, 7951.1), (9515.9, 7951.1)
(9545.8, 1104.9), (9546.1, 1104.9)
(9545.8, 9999.9), (9545.8, 1104.9)
(9545.9, 1105.1), (9545.9, 9999.9)
(9545.9, 9999.9), (9610.8, 9999.9)
(9546.1, 1104.9), (9546.1, 1105.1)
(9546.1, 1105.1), (9545.9, 1105.1)
(9610.8, 9766.9), (9611.1, 9766.9)
(9610.8, 9999.9), (9610.8, 9766.9)
(9610.9, 9767.1), (9610.9, 9999.9)
(9610.9, 9999.9), (9633.8, 9999.9)
(9611.1, 9766.9), (9611.1, 9767.1)
(9611.1, 9767.1), (9610.9, 9767.1)
(9633.8, 7204.9), (9634.1, 7204.9)
(9633.8, 9999.9), (9633.8, 7204.9)
(9633.9, 7205.1), (9633.9, 9999.9)
(9633.9, 9999.9), (9650.8, 9999.9)
(9634.1, 7204.9), (9634.1, 7205.1)
(9634.1, 7205.1), (9633.9, 7205.1)
(9650.8, 6155.9), (9651.1, 6155.9)
(9650.8, 9999.9), (9650.8, 6155.9)
(9650.9, 6156.1), (9650.9, 9999.9)
(9650.9, 9999.9), (9765.8, 9999.9)
(9651.1, 6155.9), (9651.1, 6156.1)
(9651.1, 6156.1), (9650.9, 6156.1)
(9765.8, 8176.9), (9766.1, 8176.9)
(9765.8, 9999.9), (9765.8, 8176.9)
(9765.9, 8177.1), (9765.9, 9999.9)
(9765.9, 9999.9), (9826.8, 9999.9)
(9766.1, 8176.9), (9766.1, 8177.1)
(9766.1, 8177.1), (9765.9, 8177.1)
(9826.8, 6783.9), (9827.1, 6783.9)
(9826.8, 9999.9), (9826.8, 6783.9)
(9826.9, 6784.1), (9826.9, 9999.9)
(9826.9, 9999.9), (9858.8, 9999.9)
(9827.1, 6783.9), (9827.1, 6784.1)
(9827.1, 6784.1), (9826.9, 6784.1)
(9858.8, 2045.9), (9859.1, 2045.9)
(9858.8, 9999.9), (9858.8, 2045.9)
(9858.9, 2046.1), (9858.9, 9999.9)
(9858.9, 9999.9), (9872.8, 9999.9)
(9859.1, 2045.9), (9859.1, 2046.1)
(9859.1, 2046.1), (9858.9, 2046.1)
(9872.8, 1044.9), (9873.1, 1044.9)
(9872.8, 9999.9), (9872.8, 1044.9)
(9872.9, 1045.1), (9872.9, 9999.9)
(9872.9, 9999.9), (9885.8, 9999.9)
(9873.1, 1044.9), (9873.1, 1045.1)
(9873.1, 1045.1), (9872.9, 1045.1)
(9885.8, 321.9), (9886.1, 321.9)
(9885.8, 9999.9), (9885.8, 321.9)
(9885.9, 322.1), (9885.9, 9999.9)
(9885.9, 9999.9), (9949.8, 9999.9)
(9886.1, 321.9), (9886.1, 322.1)
(9886.1, 322.1), (9885.9, 322.1)
(9949.8, 3072.9), (9950.1, 3072.9)
(9949.8, 9999.9), (9949.8, 3072.9)
(9949.9, 3073.1), (9949.9, 10000)
(9950.1, 3072.9), (9950.1, 3073.1)
(9950.1, 3073.1), (9949.9, 3073.1)
